X-values

      0.00000000
       4.5000000
       9.0000000
       13.500000
       18.000000
       22.500000
       27.000000
       31.500000
       36.000000
       40.500000
       45.000000
       49.500000
       54.000000
       58.500000
       63.000000
       67.500000
       72.000000
       76.500000
       81.000000
       85.500000
       90.000000
       94.500000
       99.000000
       103.50000
       108.00000
       112.50000
       117.00000
       121.50000
       126.00000
       130.50000
       135.00000
       139.50000
       144.00000
       148.50000
       153.00000
       157.50000
       162.00000
       166.50000
       171.00000
       175.50000
       180.00000
       184.50000
       189.00000
       193.50000
       198.00000
       202.50000
       207.00000
       211.50000
       216.00000
       220.50000
       225.00000
       229.50000
       234.00000
       238.50000

Y-values

      53.1038
      50.2583
      62.6274
      79.2858
      78.7253
      63.1902
      58.1321
      54.7401
      48.5088
      52.4804
      72.7339
      75.7754
      72.5247
      66.5859
      87.5337
      102.924
      107.045
      108.245
      109.957
      106.118
      90.7021
      92.5085
      92.9703
      100.959
      104.781
      98.9964
      104.126
      110.532
      90.9088
      99.5150
      102.569
      102.243
      101.441
      103.557
      96.4464
      109.874
      99.6074
      97.0809
      103.006
      103.977
      95.9569
      94.5689
      106.049
      105.829
      104.385
      101.931
      98.7946
      95.6495
      92.2531
      88.4710
      93.6420
      83.4024
      107.609
      103.453
