X-values

      0.00000000
       4.5000000
       9.0000000
       13.500000
       18.000000
       22.500000
       27.000000
       31.500000
       36.000000
       40.500000
       45.000000
       49.500000
       54.000000
       58.500000
       63.000000
       67.500000
       72.000000
       76.500000
       81.000000
       85.500000
       90.000000
       94.500000
       99.000000
       103.50000
       108.00000
       112.50000
       117.00000
       121.50000
       126.00000
       130.50000
       135.00000
       139.50000
       144.00000
       148.50000
       153.00000
       157.50000
       162.00000
       166.50000
       171.00000
       175.50000
       180.00000
       184.50000
       189.00000
       193.50000
       198.00000
       202.50000
       207.00000
       211.50000
       216.00000
       220.50000
       225.00000
       229.50000
       234.00000
       238.50000
       243.00000
       247.50000
       252.00000

Y-values

      31.4000
      31.4000
      31.6400
      28.3600
      31.7600
      29.0000
      28.7200
      29.8800
      28.8400
      27.0000
      28.2000
      28.0400
      29.4800
      107.880
      293.200
      253.960
      178.920
      162.240
      198.360
      195.160
      170.360
      153.440
      155.160
      147.760
      159.920
      151.520
      149.920
      147.800
      137.520
      143.240
      138.600
      131.640
      127.120
      122.480
      123.080
      124.160
      123.240
      118.640
      121.320
      116.480
      121.720
      111.720
      110.560
      112.680
      111.680
      108.160
      111.600
      107.800
      80.4000
      89.4800
      86.5600
      88.4000
      88.4000
      86.8000
      89.3200
      92.8000
      85.4400
