X-values

      0.00000000
       4.5000000
       9.0000000
       13.500000
       18.000000
       22.500000
       27.000000
       31.500000
       36.000000
       40.500000
       45.000000
       49.500000
       54.000000
       58.500000
       63.000000
       67.500000
       72.000000
       76.500000
       81.000000
       85.500000
       90.000000
       94.500000
       99.000000
       103.50000
       108.00000
       112.50000
       117.00000
       121.50000
       126.00000
       130.50000
       135.00000
       139.50000
       144.00000
       148.50000
       153.00000
       157.50000
       162.00000
       166.50000
       171.00000
       175.50000
       180.00000
       184.50000
       189.00000
       193.50000
       198.00000
       202.50000
       207.00000
       211.50000
       216.00000
       220.50000
       225.00000
       229.50000
       234.00000
       238.50000
       243.00000
       247.50000

Y-values

      73.8713
      70.1198
      73.3475
      76.0003
      72.6084
      69.2225
      73.6899
      71.4493
      69.9810
      72.8784
      73.0247
      75.4903
      69.1899
      81.0278
      95.1869
      124.894
      145.075
      141.528
      138.746
      136.303
      138.124
      134.002
      138.272
      141.012
      142.467
      147.036
      148.681
      148.291
      152.963
      149.450
      155.721
      157.737
      158.338
      167.466
      159.721
      164.847
      165.770
      163.955
      171.973
      168.422
      166.517
      169.488
      169.491
      166.368
      166.563
      166.799
      152.605
      153.495
      158.409
      156.218
      151.246
      149.589
      149.007
      151.304
      150.516
      152.333
