X-values

      0.00000000
       4.5000000
       9.0000000
       13.500000
       18.000000
       22.500000
       27.000000
       31.500000
       36.000000
       40.500000
       45.000000
       49.500000
       54.000000
       58.500000
       63.000000
       67.500000
       72.000000
       76.500000
       81.000000
       85.500000
       90.000000
       94.500000
       99.000000
       103.50000
       108.00000
       112.50000
       117.00000
       121.50000
       126.00000
       130.50000
       135.00000
       139.50000
       144.00000
       148.50000
       153.00000
       157.50000
       162.00000
       166.50000
       171.00000
       175.50000
       180.00000
       184.50000
       189.00000
       193.50000
       198.00000
       202.50000
       207.00000
       211.50000
       216.00000
       220.50000
       225.00000
       229.50000
       234.00000
       238.50000
       243.00000
       247.50000
       252.00000
       256.50000
       261.00000
       265.50000
       270.00000
       274.50000
       279.00000

Y-values

      57.7243
      86.5544
      86.3029
      56.9583
      58.3613
      55.2817
      70.4809
      61.6036
      57.3453
      61.6873
      63.1362
      62.7098
      71.1314
      55.0060
      58.3749
      60.2378
      85.8699
      104.195
      139.550
      143.018
      144.388
      129.109
      128.963
      128.608
      123.171
      129.696
      119.609
      135.262
      120.298
      117.764
      127.949
      121.531
      129.748
      133.558
      121.088
      121.301
      120.944
      129.933
      121.836
      125.554
      119.493
      124.287
      125.596
      125.687
      126.584
      125.032
      134.482
      126.303
      135.269
      124.316
      126.802
      125.461
      136.591
      109.086
      110.337
      114.145
      123.294
      113.775
      112.344
      111.112
      110.443
      116.003
      109.446
