X-values

      0.00000000
       4.5000000
       9.0000000
       13.500000
       18.000000
       22.500000
       27.000000
       31.500000
       36.000000
       40.500000
       45.000000
       49.500000
       54.000000
       58.500000
       63.000000
       67.500000
       72.000000
       76.500000
       81.000000
       85.500000
       90.000000
       94.500000
       99.000000
       103.50000
       108.00000
       112.50000
       117.00000
       121.50000
       126.00000
       130.50000
       135.00000
       139.50000
       144.00000
       148.50000
       153.00000
       157.50000
       162.00000
       166.50000
       171.00000
       175.50000
       180.00000
       184.50000
       189.00000
       193.50000
       198.00000
       202.50000
       207.00000
       211.50000
       216.00000

Y-values

      61.2400
      60.1200
      60.2400
      60.8800
      61.5200
      58.0000
      58.2000
      54.7600
      54.2000
      60.4000
      103.960
      134.960
      137.040
      135.560
      124.800
      112.240
      106.200
      112.320
      115.160
      111.440
      108.640
      108.920
      105.040
      108.960
      106.080
      107.560
      109.240
      104.000
      106.080
      103.880
      105.840
      107.200
      104.200
      102.360
      103.920
      103.280
      103.120
      102.280
      101.600
      101.520
      91.3200
      92.0400
      84.5200
      88.9600
      86.0800
      88.8000
      88.5200
      91.0800
      87.1200
