X-values

      0.00000000
       4.5000000
       9.0000000
       13.500000
       18.000000
       22.500000
       27.000000
       31.500000
       36.000000
       40.500000
       45.000000
       49.500000
       54.000000
       58.500000
       63.000000
       67.500000
       72.000000
       76.500000
       81.000000
       85.500000
       90.000000
       94.500000
       99.000000
       103.50000
       108.00000
       112.50000
       117.00000
       121.50000
       126.00000
       130.50000
       135.00000
       139.50000
       144.00000
       148.50000
       153.00000
       157.50000
       162.00000
       166.50000
       171.00000
       175.50000
       180.00000
       184.50000
       189.00000
       193.50000
       198.00000
       202.50000
       207.00000
       211.50000
       216.00000
       220.50000
       225.00000
       229.50000
       234.00000
       238.50000
       243.00000
       247.50000
       252.00000

Y-values

      10.0000
      17.0909
      9.59091
      8.27273
      8.68182
      9.27273
      16.6364
      10.7727
      11.0909
      10.6818
      10.8636
      17.6818
      129.727
      198.045
      167.455
      108.045
      69.5000
      104.318
      107.364
      80.8182
      80.4545
      78.5000
      67.9091
      68.5455
      74.2273
      68.9091
      61.5000
      62.5909
      69.3636
      68.5455
      63.6364
      52.5000
      70.6818
      57.2273
      55.7273
      59.0455
      58.9091
      56.5455
      50.5000
      52.5909
      48.5000
      56.0455
      51.0909
      56.9091
      49.9545
      52.5909
      58.0909
      48.9091
      51.7273
      40.9545
      48.9091
      49.0000
      48.1818
      44.1364
      40.7273
      43.1364
      39.5000
