X-values

      0.00000000
       4.5000000
       9.0000000
       13.500000
       18.000000
       22.500000
       27.000000
       31.500000
       36.000000
       40.500000
       45.000000
       49.500000
       54.000000
       58.500000
       63.000000
       67.500000
       72.000000
       76.500000
       81.000000
       85.500000
       90.000000
       94.500000
       99.000000
       103.50000
       108.00000
       112.50000
       117.00000
       121.50000
       126.00000
       130.50000
       135.00000
       139.50000
       144.00000
       148.50000
       153.00000
       157.50000
       162.00000
       166.50000
       171.00000
       175.50000
       180.00000
       184.50000
       189.00000
       193.50000
       198.00000
       202.50000
       207.00000
       211.50000
       216.00000
       220.50000
       225.00000
       229.50000
       234.00000
       238.50000
       243.00000
       247.50000
       252.00000
       256.50000
       261.00000
       265.50000
       270.00000

Y-values

      65.9673
      66.3309
      66.8964
      66.4553
      70.5723
      66.5914
      62.8150
      65.0357
      63.8740
      61.8797
      62.7575
      65.2239
      67.7977
      118.645
      170.068
      163.314
      144.129
      132.677
      138.133
      142.887
      144.177
      142.783
      150.875
      148.988
      153.372
      152.939
      155.987
      152.484
      154.752
      159.431
      156.524
      155.526
      155.826
      155.031
      156.460
      153.788
      158.809
      159.172
      160.425
      157.317
      156.875
      157.988
      157.543
      155.642
      158.045
      158.152
      159.955
      155.781
      155.898
      157.251
      144.762
      143.242
      143.498
      142.218
      142.859
      142.667
      140.350
      142.554
      141.691
      150.361
      150.361
