X-values

      0.00000000
       4.5000000
       9.0000000
       13.500000
       18.000000
       22.500000
       27.000000
       31.500000
       36.000000
       40.500000
       45.000000
       49.500000
       54.000000
       58.500000
       63.000000
       67.500000
       72.000000
       76.500000
       81.000000
       85.500000
       90.000000
       94.500000
       99.000000
       103.50000
       108.00000
       112.50000
       117.00000
       121.50000
       126.00000
       130.50000
       135.00000
       139.50000
       144.00000
       148.50000
       153.00000
       157.50000
       162.00000
       166.50000
       171.00000
       175.50000
       180.00000
       184.50000
       189.00000
       193.50000
       198.00000
       202.50000
       207.00000
       211.50000
       216.00000
       220.50000
       225.00000
       229.50000
       234.00000
       238.50000
       243.00000
       247.50000

Y-values

      84.8018
      80.8985
      77.2436
      78.2221
      79.3354
      78.0722
      77.3020
      80.0689
      87.7980
      89.6597
      81.1611
      79.8676
      85.5852
      111.021
      130.818
      150.466
      168.167
      155.359
      155.079
      157.953
      158.645
      159.533
      154.992
      156.608
      161.939
      162.160
      152.757
      160.509
      158.532
      151.542
      153.935
      143.325
      157.199
      160.616
      158.593
      160.570
      159.931
      157.076
      152.051
      156.509
      161.203
      155.508
      156.959
      152.418
      159.550
      160.205
      151.138
      155.029
      154.690
      149.552
      153.793
      156.804
      159.289
      160.384
      157.563
      161.232
