X-values

      0.00000000
       4.5000000
       9.0000000
       13.500000
       18.000000
       22.500000
       27.000000
       31.500000
       36.000000
       40.500000
       45.000000
       49.500000
       54.000000
       58.500000
       63.000000
       67.500000
       72.000000
       76.500000
       81.000000
       85.500000
       90.000000
       94.500000
       99.000000
       103.50000
       108.00000
       112.50000
       117.00000
       121.50000
       126.00000
       130.50000
       135.00000
       139.50000
       144.00000
       148.50000
       153.00000
       157.50000
       162.00000
       166.50000
       171.00000
       175.50000
       180.00000
       184.50000
       189.00000
       193.50000
       198.00000
       202.50000
       207.00000
       211.50000
       216.00000
       220.50000
       225.00000
       229.50000
       234.00000
       238.50000
       243.00000
       247.50000
       252.00000
       256.50000
       261.00000
       265.50000

Y-values

      100.584
      98.1796
      99.3497
      93.6895
      94.3884
      91.6661
      93.3620
      91.9446
      94.9335
      102.746
      101.464
      93.5833
      98.9236
      95.1309
      100.345
      113.282
      144.130
      178.485
      191.394
      200.852
      206.132
      199.945
      213.418
      206.072
      208.164
      197.496
      206.808
      207.142
      219.799
      208.968
      203.764
      215.037
      216.050
      209.779
      214.531
      212.243
      222.748
      225.156
      224.424
      228.934
      227.175
      227.951
      229.221
      231.322
      232.179
      231.377
      233.592
      231.746
      235.162
      238.472
      267.041
      276.297
      270.420
      265.565
      268.066
      272.168
      273.167
      264.363
      273.917
      255.249
