X-values

      0.00000000
       4.5000000
       9.0000000
       13.500000
       18.000000
       22.500000
       27.000000
       31.500000
       36.000000
       40.500000
       45.000000
       49.500000
       54.000000
       58.500000
       63.000000
       67.500000
       72.000000
       76.500000
       81.000000
       85.500000
       90.000000
       94.500000
       99.000000
       103.50000
       108.00000
       112.50000
       117.00000
       121.50000
       126.00000
       130.50000
       135.00000
       139.50000
       144.00000
       148.50000
       153.00000
       157.50000
       162.00000
       166.50000
       171.00000
       175.50000
       180.00000
       184.50000
       189.00000
       193.50000
       198.00000
       202.50000
       207.00000
       211.50000
       216.00000
       220.50000
       225.00000
       229.50000
       234.00000
       238.50000
       243.00000
       247.50000
       252.00000
       256.50000
       261.00000

Y-values

      27.1000
      21.4500
      22.3750
      22.5000
      24.3250
      20.9000
      20.9500
      27.9250
      24.2000
      19.3500
      21.1000
      22.9750
      95.1000
      222.250
      155.125
      101.950
      87.8000
      105.575
      98.3500
      82.1250
      93.6000
      99.3250
      97.5250
      97.2250
      95.4000
      92.3000
      87.9500
      91.3250
      82.4000
      86.2000
      83.6750
      91.2750
      77.6750
      81.2000
      85.4000
      79.1000
      81.7000
      75.9000
      79.9500
      74.9750
      75.9250
      80.6250
      77.3250
      73.4000
      75.1750
      78.8250
      67.7250
      68.9250
      76.1500
      76.1250
      65.9750
      63.6250
      56.5250
      60.5750
      66.1250
      64.2250
      64.3500
      71.4250
      62.5250
