X-values

      0.00000000
       4.5000000
       9.0000000
       13.500000
       18.000000
       22.500000
       27.000000
       31.500000
       36.000000
       40.500000
       45.000000
       49.500000
       54.000000
       58.500000
       63.000000
       67.500000
       72.000000
       76.500000
       81.000000
       85.500000
       90.000000
       94.500000
       99.000000
       103.50000
       108.00000
       112.50000
       117.00000
       121.50000
       126.00000
       130.50000
       135.00000
       139.50000
       144.00000
       148.50000
       153.00000
       157.50000
       162.00000
       166.50000
       171.00000
       175.50000
       180.00000
       184.50000
       189.00000
       193.50000
       198.00000
       202.50000
       207.00000
       211.50000
       216.00000
       220.50000
       225.00000
       229.50000
       234.00000
       238.50000
       243.00000
       247.50000
       252.00000

Y-values

      19.5625
      15.3750
      22.0625
      16.9063
      19.1563
      16.4063
      15.5313
      16.7500
      15.7500
      14.9688
      17.2500
      17.4063
      18.9063
      169.438
      133.406
      96.1563
      90.7813
      95.7188
      92.8438
      85.1250
      84.6563
      83.8438
      89.1563
      85.7813
      81.7813
      82.6875
      81.9688
      84.1250
      79.1875
      77.4375
      75.0938
      77.8438
      74.2813
      78.0000
      79.2813
      72.7813
      74.9688
      75.5000
      69.8750
      74.8438
      69.1563
      67.8750
      68.4688
      68.5000
      71.4688
      63.2500
      64.9375
      58.3125
      60.0938
      56.1563
      56.9063
      58.2500
      58.7500
      57.6250
      54.2813
      56.3438
      55.8438
