X-values

      0.00000000
       4.5000000
       9.0000000
       13.500000
       18.000000
       22.500000
       27.000000
       31.500000
       36.000000
       40.500000
       45.000000
       49.500000
       54.000000
       58.500000
       63.000000
       67.500000
       72.000000
       76.500000
       81.000000
       85.500000
       90.000000
       94.500000
       99.000000
       103.50000
       108.00000
       112.50000
       117.00000
       121.50000
       126.00000
       130.50000
       135.00000
       139.50000
       144.00000
       148.50000
       153.00000
       157.50000
       162.00000
       166.50000
       171.00000
       175.50000
       180.00000
       184.50000
       189.00000
       193.50000
       198.00000
       202.50000
       207.00000
       211.50000
       216.00000

Y-values

      70.2597
      71.2973
      72.6195
      71.0431
      83.5715
      79.2496
      79.5877
      63.9192
      64.4155
      66.9184
      70.8249
      100.680
      135.028
      179.238
      180.383
      175.563
      171.338
      163.415
      162.565
      162.622
      158.052
      158.804
      156.795
      155.985
      157.203
      161.068
      150.986
      153.377
      157.553
      152.270
      159.009
      161.436
      161.463
      153.551
      157.033
      162.735
      166.824
      168.127
      168.727
      165.827
      140.319
      142.232
      141.948
      146.926
      149.850
      154.634
      150.214
      150.950
      140.675
