X-values

      0.00000000
       4.5000000
       9.0000000
       13.500000
       18.000000
       22.500000
       27.000000
       31.500000
       36.000000
       40.500000
       45.000000
       49.500000
       54.000000
       58.500000
       63.000000
       67.500000
       72.000000
       76.500000
       81.000000
       85.500000
       90.000000
       94.500000
       99.000000
       103.50000
       108.00000
       112.50000
       117.00000
       121.50000
       126.00000
       130.50000
       135.00000
       139.50000
       144.00000
       148.50000
       153.00000
       157.50000
       162.00000
       166.50000
       171.00000
       175.50000
       180.00000
       184.50000
       189.00000
       193.50000
       198.00000
       202.50000
       207.00000
       211.50000
       216.00000
       220.50000
       225.00000
       229.50000
       234.00000
       238.50000
       243.00000
       247.50000
       252.00000
       256.50000

Y-values

      167.512
      185.082
      182.771
      187.900
      204.932
      195.721
      165.035
      174.303
      167.057
      169.192
      183.691
      189.236
      181.785
      243.930
      371.144
      470.084
      455.676
      463.958
      426.330
      433.490
      434.660
      435.369
      424.448
      402.767
      394.632
      403.983
      431.961
      431.530
      406.489
      410.648
      405.281
      405.143
      408.095
      421.287
      410.909
      439.593
      397.226
      409.348
      427.907
      430.692
      393.227
      413.518
      438.973
      427.995
      400.216
      417.031
      424.845
      412.522
      410.875
      430.251
      402.488
      421.179
      405.009
      442.016
      406.454
      403.016
      414.893
      399.530
