X-values

      0.00000000
       4.5000000
       9.0000000
       13.500000
       18.000000
       22.500000
       27.000000
       31.500000
       36.000000
       40.500000
       45.000000
       49.500000
       54.000000
       58.500000
       63.000000
       67.500000
       72.000000
       76.500000
       81.000000
       85.500000
       90.000000
       94.500000
       99.000000
       103.50000
       108.00000
       112.50000
       117.00000
       121.50000
       126.00000
       130.50000
       135.00000
       139.50000
       144.00000
       148.50000
       153.00000
       157.50000
       162.00000
       166.50000
       171.00000
       175.50000
       180.00000
       184.50000
       189.00000
       193.50000
       198.00000
       202.50000
       207.00000
       211.50000
       216.00000
       220.50000
       225.00000
       229.50000
       234.00000
       238.50000
       243.00000
       247.50000
       252.00000
       256.50000
       261.00000
       265.50000

Y-values

      58.1985
      57.6122
      66.4490
      56.0825
      57.5852
      58.2985
      56.4823
      57.9044
      59.5187
      54.8831
      59.9513
      58.8060
      64.0256
      61.2631
      88.1557
      130.108
      143.561
      138.743
      127.463
      128.544
      125.136
      121.406
      116.843
      110.931
      117.619
      117.377
      117.144
      122.899
      121.942
      123.261
      117.419
      119.859
      124.331
      122.582
      123.234
      123.101
      127.148
      119.858
      120.900
      118.841
      123.610
      121.066
      113.127
      119.941
      117.511
      117.885
      113.965
      124.165
      119.900
      121.668
      112.740
      110.665
      108.757
      109.345
      107.034
      100.153
      108.454
      110.037
      104.134
      104.851
