X-values

      0.00000000
       4.5000000
       9.0000000
       13.500000
       18.000000
       22.500000
       27.000000
       31.500000
       36.000000
       40.500000
       45.000000
       49.500000
       54.000000
       58.500000
       63.000000
       67.500000
       72.000000
       76.500000
       81.000000
       85.500000
       90.000000
       94.500000
       99.000000
       103.50000
       108.00000
       112.50000
       117.00000
       121.50000
       126.00000
       130.50000
       135.00000
       139.50000
       144.00000
       148.50000
       153.00000
       157.50000
       162.00000
       166.50000
       171.00000
       175.50000
       180.00000
       184.50000
       189.00000
       193.50000
       198.00000
       202.50000
       207.00000
       211.50000
       216.00000
       220.50000
       225.00000
       229.50000
       234.00000
       238.50000
       243.00000
       247.50000
       252.00000

Y-values

      86.1503
      76.7556
      75.6427
      83.9259
      99.3172
      90.1058
      74.1689
      79.2431
      92.4601
      75.7456
      96.7603
      85.6013
      74.6661
      81.1683
      101.449
      97.3459
      119.872
      146.840
      151.696
      159.330
      163.258
      167.639
      157.249
      160.689
      176.375
      177.204
      182.806
      171.957
      180.020
      191.534
      189.446
      182.138
      191.145
      202.866
      188.520
      194.553
      203.024
      213.669
      212.403
      212.003
      199.010
      212.648
      207.214
      198.878
      211.363
      207.381
      212.737
      202.524
      173.627
      179.372
      186.669
      184.465
      171.736
      177.382
      177.491
      181.823
      175.964
