X-values

      0.00000000
       4.5000000
       9.0000000
       13.500000
       18.000000
       22.500000
       27.000000
       31.500000
       36.000000
       40.500000
       45.000000
       49.500000
       54.000000
       58.500000
       63.000000
       67.500000
       72.000000
       76.500000
       81.000000
       85.500000
       90.000000
       94.500000
       99.000000
       103.50000
       108.00000
       112.50000
       117.00000
       121.50000
       126.00000
       130.50000
       135.00000
       139.50000
       144.00000
       148.50000
       153.00000
       157.50000
       162.00000
       166.50000
       171.00000
       175.50000
       180.00000
       184.50000
       189.00000
       193.50000
       198.00000
       202.50000
       207.00000
       211.50000
       216.00000
       220.50000
       225.00000
       229.50000
       234.00000
       238.50000
       243.00000
       247.50000
       252.00000
       256.50000
       261.00000
       265.50000

Y-values

      21.0909
      25.6364
      24.8485
      21.3636
      19.8182
      22.5152
      21.7879
      21.8788
      24.5455
      26.2727
      24.2121
      22.1212
      23.8182
      39.6061
      171.788
      238.000
      229.182
      164.576
      106.697
      90.8182
      102.152
      128.424
      126.515
      121.970
      113.970
      109.364
      113.394
      108.697
      107.303
      107.394
      110.242
      109.152
      101.182
      95.6061
      99.7879
      104.727
      92.6061
      95.7576
      92.4545
      87.8485
      86.9091
      90.3939
      84.0909
      93.9091
      84.4242
      79.2121
      86.0909
      90.3030
      83.9697
      84.0000
      64.7576
      70.7273
      74.9091
      67.7576
      70.2727
      74.6061
      72.9697
      67.4848
      67.8788
      72.4242
