X-values

      0.00000000
       4.5000000
       9.0000000
       13.500000
       18.000000
       22.500000
       27.000000
       31.500000
       36.000000
       40.500000
       45.000000
       49.500000
       54.000000
       58.500000
       63.000000
       67.500000
       72.000000
       76.500000
       81.000000
       85.500000
       90.000000
       94.500000
       99.000000
       103.50000
       108.00000
       112.50000
       117.00000
       121.50000
       126.00000
       130.50000
       135.00000
       139.50000
       144.00000
       148.50000
       153.00000
       157.50000
       162.00000
       166.50000
       171.00000
       175.50000
       180.00000
       184.50000
       189.00000
       193.50000
       198.00000
       202.50000
       207.00000
       211.50000
       216.00000
       220.50000
       225.00000
       229.50000
       234.00000
       238.50000
       243.00000
       247.50000
       252.00000
       256.50000
       261.00000
       265.50000

Y-values

      89.4759
      88.1629
      88.7766
      83.5280
      95.6067
      84.2418
      94.4561
      90.2199
      93.6643
      86.5908
      88.7129
      86.0159
      91.7885
      87.8326
      110.855
      135.524
      144.375
      160.375
      155.691
      160.739
      156.444
      165.542
      162.824
      166.068
      158.084
      167.260
      164.959
      164.979
      163.837
      168.016
      168.173
      160.623
      169.384
      165.214
      168.519
      167.804
      164.656
      166.506
      170.370
      161.709
      171.736
      164.746
      169.214
      162.856
      171.272
      164.399
      165.250
      163.015
      167.049
      161.860
      156.603
      163.748
      157.883
      161.757
      156.461
      157.499
      152.309
      162.197
      160.029
      166.581
