X-values

      0.00000000
       4.5000000
       9.0000000
       13.500000
       18.000000
       22.500000
       27.000000
       31.500000
       36.000000
       40.500000
       45.000000
       49.500000
       54.000000
       58.500000
       63.000000
       67.500000
       72.000000
       76.500000
       81.000000
       85.500000
       90.000000
       94.500000
       99.000000
       103.50000
       108.00000
       112.50000
       117.00000
       121.50000
       126.00000
       130.50000
       135.00000
       139.50000
       144.00000
       148.50000
       153.00000
       157.50000
       162.00000
       166.50000
       171.00000
       175.50000
       180.00000
       184.50000
       189.00000
       193.50000
       198.00000
       202.50000
       207.00000
       211.50000
       216.00000
       220.50000
       225.00000
       229.50000
       234.00000
       238.50000
       243.00000
       247.50000
       252.00000

Y-values

      97.2305
      98.0881
      86.4036
      86.9103
      92.9529
      91.3873
      102.962
      99.7148
      92.1391
      94.6343
      103.465
      102.362
      145.501
      174.537
      200.533
      205.015
      193.939
      192.797
      188.980
      187.396
      190.705
      189.635
      198.117
      185.742
      196.403
      188.541
      198.615
      205.481
      186.694
      190.229
      201.140
      178.442
      193.887
      203.940
      187.023
      200.977
      202.032
      194.067
      200.892
      182.123
      204.290
      182.417
      200.859
      199.453
      193.046
      187.969
      197.853
      190.014
      200.979
      188.147
      187.759
      192.685
      194.735
      185.616
      189.758
      197.057
      184.424
