X-values

      0.00000000
       4.5000000
       9.0000000
       13.500000
       18.000000
       22.500000
       27.000000
       31.500000
       36.000000
       40.500000
       45.000000
       49.500000
       54.000000
       58.500000
       63.000000
       67.500000
       72.000000
       76.500000
       81.000000
       85.500000
       90.000000
       94.500000
       99.000000
       103.50000
       108.00000
       112.50000
       117.00000
       121.50000
       126.00000
       130.50000
       135.00000
       139.50000
       144.00000
       148.50000
       153.00000
       157.50000
       162.00000
       166.50000
       171.00000
       175.50000
       180.00000
       184.50000
       189.00000
       193.50000
       198.00000
       202.50000
       207.00000
       211.50000
       216.00000
       220.50000
       225.00000
       229.50000
       234.00000
       238.50000
       243.00000
       247.50000
       252.00000
       256.50000
       261.00000
       265.50000
       270.00000

Y-values

      57.2714
      67.2445
      60.4512
      58.5069
      59.0593
      53.3120
      56.6739
      53.8250
      58.0467
      61.5476
      51.6521
      57.0182
      58.3399
      52.3871
      60.5783
      55.2677
      57.0046
      74.5386
      88.2447
      87.3951
      93.6066
      97.5497
      96.6790
      98.1126
      94.1298
      96.7565
      95.5882
      97.5723
      92.7841
      94.0153
      97.5587
      92.9806
      96.4994
      94.5531
      92.0109
      93.4256
      97.6492
      99.5108
      90.4265
      98.2963
      94.3791
      91.3738
      97.3374
      93.1310
      98.1232
      87.4720
      99.6388
      99.9509
      90.5604
      95.7950
      87.5381
      93.2568
      86.9809
      88.0334
      93.1973
      93.3682
      90.8381
      90.5919
      94.9627
      92.3183
      92.3183
