X-values

      0.00000000
       4.5000000
       9.0000000
       13.500000
       18.000000
       22.500000
       27.000000
       31.500000
       36.000000
       40.500000
       45.000000
       49.500000
       54.000000
       58.500000
       63.000000
       67.500000
       72.000000
       76.500000
       81.000000
       85.500000
       90.000000
       94.500000
       99.000000
       103.50000
       108.00000
       112.50000
       117.00000
       121.50000
       126.00000
       130.50000
       135.00000
       139.50000
       144.00000
       148.50000
       153.00000
       157.50000
       162.00000
       166.50000
       171.00000
       175.50000
       180.00000
       184.50000
       189.00000
       193.50000
       198.00000
       202.50000
       207.00000
       211.50000
       216.00000
       220.50000
       225.00000
       229.50000
       234.00000
       238.50000
       243.00000
       247.50000
       252.00000
       256.50000
       261.00000
       265.50000

Y-values

      93.6139
      89.4081
      88.2378
      82.0585
      97.6360
      91.3864
      91.4593
      92.8577
      91.3232
      93.2363
      90.0183
      82.8538
      88.3307
      100.168
      143.942
      192.588
      212.149
      201.400
      200.678
      197.570
      185.123
      193.656
      191.077
      189.961
      184.880
      186.079
      182.226
      189.156
      190.846
      195.288
      195.787
      194.176
      197.175
      188.103
      189.416
      184.005
      194.548
      191.174
      194.070
      188.511
      185.658
      192.788
      195.251
      192.348
      184.673
      195.318
      189.026
      185.984
      190.072
      188.533
      171.468
      169.503
      169.902
      172.841
      168.657
      165.541
      181.144
      169.520
      179.682
      173.434
