X-values

      0.00000000
       4.5000000
       9.0000000
       13.500000
       18.000000
       22.500000
       27.000000
       31.500000
       36.000000
       40.500000
       45.000000
       49.500000
       54.000000
       58.500000
       63.000000
       67.500000
       72.000000
       76.500000
       81.000000
       85.500000
       90.000000
       94.500000
       99.000000
       103.50000
       108.00000
       112.50000
       117.00000
       121.50000
       126.00000
       130.50000
       135.00000
       139.50000
       144.00000
       148.50000
       153.00000
       157.50000
       162.00000
       166.50000
       171.00000
       175.50000
       180.00000
       184.50000
       189.00000
       193.50000
       198.00000
       202.50000
       207.00000
       211.50000
       216.00000
       220.50000
       225.00000
       229.50000
       234.00000
       238.50000
       243.00000
       247.50000
       252.00000
       256.50000
       261.00000
       265.50000

Y-values

      47.9565
      52.4348
      54.0435
      44.8261
      59.5217
      51.6957
      44.8696
      43.0870
      50.3043
      45.9130
      44.8696
      43.5652
      46.7826
      51.0435
      92.2174
      213.130
      265.565
      260.348
      225.739
      211.174
      183.522
      178.696
      170.870
      164.087
      159.652
      160.652
      157.391
      157.609
      159.739
      152.870
      159.957
      161.522
      148.000
      149.391
      153.739
      144.391
      149.087
      146.783
      148.522
      145.739
      149.957
      142.435
      144.870
      135.609
      137.739
      141.348
      136.130
      138.348
      134.870
      130.391
      108.043
      116.957
      109.348
      108.826
      107.130
      110.348
      112.087
      106.087
      107.304
      106.000
