X-values

      0.00000000
       4.5000000
       9.0000000
       13.500000
       18.000000
       22.500000
       27.000000
       31.500000
       36.000000
       40.500000
       45.000000
       49.500000
       54.000000
       58.500000
       63.000000
       67.500000
       72.000000
       76.500000
       81.000000
       85.500000
       90.000000
       94.500000
       99.000000
       103.50000
       108.00000
       112.50000
       117.00000
       121.50000
       126.00000
       130.50000
       135.00000
       139.50000
       144.00000
       148.50000
       153.00000
       157.50000
       162.00000
       166.50000
       171.00000
       175.50000
       180.00000
       184.50000
       189.00000
       193.50000
       198.00000
       202.50000
       207.00000
       211.50000
       216.00000
       220.50000
       225.00000
       229.50000
       234.00000
       238.50000
       243.00000
       247.50000
       252.00000

Y-values

      100.894
      100.894
      111.990
      97.7935
      113.158
      88.4968
      121.539
      96.2935
      128.297
      88.9064
      103.897
      93.0161
      131.248
      90.9839
      136.884
      110.519
      153.974
      184.558
      197.448
      167.371
      168.416
      192.997
      164.023
      204.397
      199.248
      202.206
      169.810
      202.216
      186.065
      191.045
      193.068
      204.919
      200.513
      177.613
      175.632
      229.161
      184.365
      239.342
      178.387
      211.113
      179.674
      215.819
      173.155
      196.313
      182.781
      220.752
      184.161
      209.742
      193.171
      193.535
      207.784
      195.661
      165.700
      198.023
      197.129
      198.900
      195.455
