X-values

      0.00000000
       4.5000000
       9.0000000
       13.500000
       18.000000
       22.500000
       27.000000
       31.500000
       36.000000
       40.500000
       45.000000
       49.500000
       54.000000
       58.500000
       63.000000
       67.500000
       72.000000
       76.500000
       81.000000
       85.500000
       90.000000
       94.500000
       99.000000
       103.50000
       108.00000
       112.50000
       117.00000
       121.50000
       126.00000
       130.50000
       135.00000
       139.50000
       144.00000
       148.50000
       153.00000
       157.50000
       162.00000
       166.50000
       171.00000
       175.50000
       180.00000
       184.50000
       189.00000
       193.50000
       198.00000
       202.50000
       207.00000
       211.50000
       216.00000
       220.50000
       225.00000
       229.50000
       234.00000
       238.50000

Y-values

      37.2105
      23.9474
      26.9211
      37.5526
      33.9737
      28.6842
      37.3158
      39.9211
      36.3158
      34.9211
      36.5000
      54.3158
      198.211
      243.711
      159.921
      104.526
      90.3421
      92.4737
      109.105
      100.632
      112.132
      110.842
      114.395
      113.789
      117.421
      106.211
      107.684
      95.7105
      108.684
      98.2632
      86.1316
      93.1842
      90.6842
      99.2368
      89.9474
      94.2895
      98.7105
      93.2632
      86.2895
      90.9211
      96.8684
      90.5526
      83.3158
      89.9737
      93.6053
      73.9737
      74.6842
      76.2105
      76.1579
      71.5000
      71.7895
      69.3158
      67.2368
      69.1842
