X-values

      0.00000000
       4.5000000
       9.0000000
       13.500000
       18.000000
       22.500000
       27.000000
       31.500000
       36.000000
       40.500000
       45.000000
       49.500000
       54.000000
       58.500000
       63.000000
       67.500000
       72.000000
       76.500000
       81.000000
       85.500000
       90.000000
       94.500000
       99.000000
       103.50000
       108.00000
       112.50000
       117.00000
       121.50000
       126.00000
       130.50000
       135.00000
       139.50000
       144.00000
       148.50000
       153.00000
       157.50000
       162.00000
       166.50000
       171.00000
       175.50000
       180.00000
       184.50000
       189.00000
       193.50000
       198.00000
       202.50000
       207.00000
       211.50000
       216.00000
       220.50000
       225.00000
       229.50000
       234.00000

Y-values

      77.4197
      77.2006
      78.0010
      74.2697
      79.9104
      78.6388
      73.3544
      81.3603
      94.4275
      100.121
      118.936
      115.080
      126.696
      126.613
      132.518
      123.780
      125.626
      124.519
      137.903
      137.705
      127.639
      136.217
      133.271
      142.471
      130.712
      140.444
      145.975
      137.051
      151.144
      142.221
      151.865
      153.869
      145.418
      149.663
      148.995
      152.687
      150.074
      144.249
      146.648
      137.457
      152.555
      144.841
      148.074
      151.046
      143.940
      149.412
      142.662
      147.536
      148.873
      155.174
      147.072
      159.989
      148.959
