X-values

      0.00000000
       4.5000000
       9.0000000
       13.500000
       18.000000
       22.500000
       27.000000
       31.500000
       36.000000
       40.500000
       45.000000
       49.500000
       54.000000
       58.500000
       63.000000
       67.500000
       72.000000
       76.500000
       81.000000
       85.500000
       90.000000
       94.500000
       99.000000
       103.50000
       108.00000
       112.50000
       117.00000
       121.50000
       126.00000
       130.50000
       135.00000
       139.50000
       144.00000
       148.50000
       153.00000
       157.50000
       162.00000
       166.50000
       171.00000
       175.50000
       180.00000
       184.50000
       189.00000
       193.50000
       198.00000
       202.50000
       207.00000
       211.50000
       216.00000
       220.50000
       225.00000
       229.50000
       234.00000
       238.50000
       243.00000

Y-values

      53.6891
      58.4766
      52.5164
      55.6821
      62.3873
      55.7022
      58.2611
      56.7417
      55.2842
      57.9221
      55.6304
      54.2654
      81.3929
      106.965
      110.006
      111.145
      107.786
      104.646
      100.635
      108.471
      107.885
      108.429
      109.275
      108.847
      109.087
      110.747
      113.825
      111.334
      115.013
      115.321
      110.465
      117.382
      115.995
      119.265
      115.685
      119.202
      115.308
      112.990
      117.995
      113.145
      116.762
      119.050
      117.824
      116.403
      113.848
      111.321
      112.687
      110.420
      111.216
      111.385
      109.619
      112.835
      107.336
      113.151
      111.696
