X-values

      0.00000000
       4.5000000
       9.0000000
       13.500000
       18.000000
       22.500000
       27.000000
       31.500000
       36.000000
       40.500000
       45.000000
       49.500000
       54.000000
       58.500000
       63.000000
       67.500000
       72.000000
       76.500000
       81.000000
       85.500000
       90.000000
       94.500000
       99.000000
       103.50000
       108.00000
       112.50000
       117.00000
       121.50000
       126.00000
       130.50000
       135.00000
       139.50000
       144.00000
       148.50000
       153.00000
       157.50000
       162.00000
       166.50000
       171.00000
       175.50000
       180.00000
       184.50000
       189.00000
       193.50000
       198.00000
       202.50000
       207.00000
       211.50000
       216.00000
       220.50000
       225.00000
       229.50000
       234.00000
       238.50000
       243.00000
       247.50000

Y-values

      22.4722
      21.4722
      21.9722
      18.6667
      23.2222
      22.6944
      19.6944
      23.2500
      21.1389
      22.1667
      20.8611
      23.5417
      24.3056
      94.0417
      143.944
      139.931
      114.431
      94.8194
      82.9306
      81.2500
      88.2361
      84.6667
      84.4583
      81.5417
      83.3472
      82.5694
      83.6389
      84.0417
      82.4028
      86.7361
      86.4167
      89.9861
      85.8472
      81.7361
      87.9444
      85.1806
      89.2500
      91.6667
      84.5278
      89.0972
      84.5694
      85.4167
      86.2222
      79.9583
      81.9861
      84.6250
      68.4861
      66.2083
      68.2639
      66.8056
      66.9722
      68.9167
      66.4722
      65.3750
      66.1111
      68.2778
