X-values

      0.00000000
       4.5000000
       9.0000000
       13.500000
       18.000000
       22.500000
       27.000000
       31.500000
       36.000000
       40.500000
       45.000000
       49.500000
       54.000000
       58.500000
       63.000000
       67.500000
       72.000000
       76.500000
       81.000000
       85.500000
       90.000000
       94.500000
       99.000000
       103.50000
       108.00000
       112.50000
       117.00000
       121.50000
       126.00000
       130.50000
       135.00000
       139.50000
       144.00000
       148.50000
       153.00000
       157.50000
       162.00000
       166.50000
       171.00000
       175.50000
       180.00000
       184.50000
       189.00000
       193.50000
       198.00000
       202.50000
       207.00000
       211.50000
       216.00000
       220.50000
       225.00000
       229.50000
       234.00000
       238.50000
       243.00000
       247.50000
       252.00000
       256.50000
       261.00000
       265.50000
       270.00000
       274.50000
       279.00000

Y-values

      39.4732
      57.6039
      59.3412
      72.0902
      72.5490
      73.7386
      32.6235
      42.0758
      43.4889
      41.8157
      43.1660
      47.6314
      48.9373
      47.5569
      37.3346
      41.3752
      52.8314
      52.4693
      59.6536
      85.4340
      68.1320
      69.4013
      79.4065
      68.7229
      85.3895
      89.8392
      92.6026
      80.9712
      70.0222
      82.9948
      64.5190
      90.9542
      89.8797
      92.6889
      83.2732
      88.8784
      88.4013
      78.1856
      83.5791
      84.8392
      82.8850
      93.6157
      88.9987
      81.6889
      62.9804
      87.7922
      73.1464
      89.0824
      82.9987
      90.2314
      86.1987
      85.7856
      71.8654
      80.3255
      83.7908
      73.1163
      89.2013
      79.7752
      82.8810
      92.0091
      86.4497
      83.2588
      84.3699
