X-values

      0.00000000
       4.5000000
       9.0000000
       13.500000
       18.000000
       22.500000
       27.000000
       31.500000
       36.000000
       40.500000
       45.000000
       49.500000
       54.000000
       58.500000
       63.000000
       67.500000
       72.000000
       76.500000
       81.000000
       85.500000
       90.000000
       94.500000
       99.000000
       103.50000
       108.00000
       112.50000
       117.00000
       121.50000
       126.00000
       130.50000
       135.00000
       139.50000
       144.00000
       148.50000
       153.00000
       157.50000
       162.00000
       166.50000
       171.00000
       175.50000
       180.00000
       184.50000
       189.00000
       193.50000
       198.00000
       202.50000
       207.00000
       211.50000
       216.00000
       220.50000
       225.00000
       229.50000
       234.00000
       238.50000
       243.00000
       247.50000
       252.00000

Y-values

      56.6490
      64.6211
      95.6481
      60.4482
      70.2920
      88.3026
      64.6898
      67.9002
      102.006
      67.2011
      85.4382
      64.3003
      95.9589
      89.5456
      81.1562
      120.576
      134.672
      140.377
      150.465
      124.114
      133.201
      132.352
      125.583
      129.817
      135.147
      131.301
      153.635
      135.689
      157.706
      123.747
      143.945
      125.500
      151.978
      124.066
      131.416
      146.301
      138.403
      150.311
      143.003
      153.931
      146.963
      167.427
      132.134
      156.332
      142.891
      150.073
      142.585
      139.682
      126.808
      138.463
      124.393
      134.756
      135.785
      125.390
      138.237
      152.411
      132.702
