X-values

      0.00000000
       4.5000000
       9.0000000
       13.500000
       18.000000
       22.500000
       27.000000
       31.500000
       36.000000
       40.500000
       45.000000
       49.500000
       54.000000
       58.500000
       63.000000
       67.500000
       72.000000
       76.500000
       81.000000
       85.500000
       90.000000
       94.500000
       99.000000
       103.50000
       108.00000
       112.50000
       117.00000
       121.50000
       126.00000
       130.50000
       135.00000
       139.50000
       144.00000
       148.50000
       153.00000
       157.50000
       162.00000
       166.50000
       171.00000
       175.50000
       180.00000
       184.50000
       189.00000
       193.50000
       198.00000
       202.50000
       207.00000
       211.50000
       216.00000
       220.50000
       225.00000
       229.50000
       234.00000
       238.50000
       243.00000
       247.50000
       252.00000
       256.50000
       261.00000
       265.50000
       270.00000

Y-values

      12.5641
      13.2906
      9.83761
      12.4872
      10.7778
      12.0684
      12.8205
      9.80342
      9.48718
      11.7179
      11.7863
      12.5897
      14.6068
      9.17949
      28.6410
      101.376
      124.479
      122.547
      107.436
      79.7692
      58.8462
      44.8034
      47.6923
      53.2991
      54.3077
      53.3077
      50.9829
      49.0427
      47.7436
      50.6068
      50.6154
      51.4786
      51.5983
      56.4786
      53.0684
      52.5470
      54.5727
      48.1880
      47.8547
      49.8803
      49.2222
      47.7265
      45.9145
      46.8718
      44.9829
      42.5983
      46.2650
      45.9060
      44.1624
      46.2308
      37.4103
      36.5470
      37.4359
      35.9231
      36.8974
      34.7692
      36.6496
      37.0769
      39.1966
      34.0085
      34.0085
