X-values

      0.00000000
       4.5000000
       9.0000000
       13.500000
       18.000000
       22.500000
       27.000000
       31.500000
       36.000000
       40.500000
       45.000000
       49.500000
       54.000000
       58.500000
       63.000000
       67.500000
       72.000000
       76.500000
       81.000000
       85.500000
       90.000000
       94.500000
       99.000000
       103.50000
       108.00000
       112.50000
       117.00000
       121.50000
       126.00000
       130.50000
       135.00000
       139.50000
       144.00000
       148.50000
       153.00000
       157.50000
       162.00000
       166.50000
       171.00000
       175.50000
       180.00000
       184.50000
       189.00000
       193.50000
       198.00000
       202.50000
       207.00000
       211.50000
       216.00000
       220.50000
       225.00000
       229.50000
       234.00000
       238.50000
       243.00000
       247.50000
       252.00000
       256.50000
       261.00000
       265.50000
       270.00000
       274.50000
       279.00000
       283.50000
       288.00000
       292.50000
       297.00000

Y-values

      76.0463
      77.5964
      81.4914
      75.4026
      77.4015
      80.6986
      81.3337
      82.5180
      84.3808
      78.2090
      85.5829
      102.846
      155.517
      176.534
      164.994
      157.236
      146.636
      163.999
      157.456
      165.496
      162.905
      163.579
      164.473
      166.776
      164.881
      168.492
      171.963
      173.146
      171.758
      177.111
      179.420
      173.858
      172.984
      177.632
      179.309
      172.027
      174.958
      177.691
      175.534
      178.827
      175.210
      179.398
      180.795
      186.471
      193.274
      179.745
      189.723
      159.614
      156.409
      155.999
      167.867
      173.587
      167.496
      170.683
      162.492
      163.816
      165.215
      160.830
      160.493
      156.864
      157.627
      158.123
      165.378
      163.860
      164.829
      157.035
      164.930
