X-values

      0.00000000
       4.5000000
       9.0000000
       13.500000
       18.000000
       22.500000
       27.000000
       31.500000
       36.000000
       40.500000
       45.000000
       49.500000
       54.000000
       58.500000
       63.000000
       67.500000
       72.000000
       76.500000
       81.000000
       85.500000
       90.000000
       94.500000
       99.000000
       103.50000
       108.00000
       112.50000
       117.00000
       121.50000
       126.00000
       130.50000
       135.00000
       139.50000
       144.00000
       148.50000
       153.00000
       157.50000
       162.00000
       166.50000
       171.00000
       175.50000
       180.00000
       184.50000
       189.00000
       193.50000
       198.00000
       202.50000
       207.00000
       211.50000
       216.00000
       220.50000
       225.00000
       229.50000
       234.00000
       238.50000
       243.00000
       247.50000
       252.00000
       256.50000
       261.00000

Y-values

      90.3709
      110.672
      105.577
      101.240
      113.481
      104.129
      101.208
      110.611
      99.2173
      112.990
      114.031
      110.636
      97.1433
      145.472
      159.813
      218.297
      193.184
      220.435
      207.562
      195.020
      202.612
      199.641
      200.873
      219.452
      185.526
      218.777
      186.549
      218.246
      188.072
      218.830
      175.537
      221.809
      184.894
      210.662
      195.802
      200.204
      196.340
      195.101
      184.787
      192.065
      210.711
      174.596
      200.606
      192.200
      198.579
      188.623
      196.365
      174.850
      197.296
      168.783
      183.126
      200.421
      184.170
      193.807
      199.960
      194.307
      196.408
      172.085
      189.664
