X-values

      0.00000000
       4.5000000
       9.0000000
       13.500000
       18.000000
       22.500000
       27.000000
       31.500000
       36.000000
       40.500000
       45.000000
       49.500000
       54.000000
       58.500000
       63.000000
       67.500000
       72.000000
       76.500000
       81.000000
       85.500000
       90.000000
       94.500000
       99.000000
       103.50000
       108.00000
       112.50000
       117.00000
       121.50000
       126.00000
       130.50000
       135.00000
       139.50000
       144.00000
       148.50000
       153.00000
       157.50000
       162.00000
       166.50000
       171.00000
       175.50000
       180.00000
       184.50000
       189.00000
       193.50000
       198.00000
       202.50000
       207.00000
       211.50000
       216.00000
       220.50000
       225.00000
       229.50000
       234.00000
       238.50000
       243.00000
       247.50000
       252.00000

Y-values

      119.120
      127.408
      116.697
      110.245
      122.684
      122.391
      127.472
      119.116
      120.057
      125.345
      133.142
      120.237
      165.517
      189.362
      212.320
      206.844
      213.779
      207.448
      188.364
      204.755
      194.767
      211.364
      206.548
      209.143
      215.976
      210.611
      214.358
      211.476
      203.359
      216.152
      205.139
      196.223
      217.189
      205.693
      218.282
      217.871
      206.146
      215.918
      209.594
      218.991
      215.298
      204.220
      214.955
      210.710
      206.460
      224.532
      217.985
      227.100
      227.703
      220.831
      231.763
      227.766
      219.955
      222.234
      224.339
      220.238
      219.205
