X-values

      0.00000000
       4.5000000
       9.0000000
       13.500000
       18.000000
       22.500000
       27.000000
       31.500000
       36.000000
       40.500000
       45.000000
       49.500000
       54.000000
       58.500000
       63.000000
       67.500000
       72.000000
       76.500000
       81.000000
       85.500000
       90.000000
       94.500000
       99.000000
       103.50000
       108.00000
       112.50000
       117.00000
       121.50000
       126.00000
       130.50000
       135.00000
       139.50000
       144.00000
       148.50000
       153.00000
       157.50000
       162.00000
       166.50000
       171.00000
       175.50000
       180.00000
       184.50000
       189.00000
       193.50000
       198.00000
       202.50000
       207.00000
       211.50000
       216.00000
       220.50000
       225.00000
       229.50000
       234.00000
       238.50000
       243.00000
       247.50000
       252.00000
       256.50000
       261.00000
       265.50000

Y-values

      55.0172
      50.2286
      55.7159
      52.9575
      50.6817
      50.0344
      52.6987
      50.9483
      50.4157
      48.1477
      48.4704
      50.2312
      57.6881
      52.1995
      71.7594
      109.485
      122.645
      125.378
      116.984
      114.166
      110.928
      109.017
      108.751
      109.671
      105.524
      104.882
      102.561
      106.543
      108.552
      104.458
      107.186
      103.968
      109.256
      110.801
      108.701
      107.078
      109.146
      111.105
      102.800
      102.728
      104.013
      102.978
      98.3935
      101.308
      102.119
      99.0819
      99.9518
      111.102
      107.634
      104.145
      99.6782
      100.633
      100.162
      97.5399
      98.8667
      91.9321
      95.9496
      96.6768
      95.2305
      93.7701
