X-values

      0.00000000
       4.5000000
       9.0000000
       13.500000
       18.000000
       22.500000
       27.000000
       31.500000
       36.000000
       40.500000
       45.000000
       49.500000
       54.000000
       58.500000
       63.000000
       67.500000
       72.000000
       76.500000
       81.000000
       85.500000
       90.000000
       94.500000
       99.000000
       103.50000
       108.00000
       112.50000
       117.00000
       121.50000
       126.00000
       130.50000
       135.00000
       139.50000
       144.00000
       148.50000
       153.00000
       157.50000
       162.00000
       166.50000
       171.00000
       175.50000
       180.00000
       184.50000
       189.00000
       193.50000
       198.00000
       202.50000
       207.00000
       211.50000
       216.00000
       220.50000
       225.00000
       229.50000
       234.00000
       238.50000
       243.00000
       247.50000
       252.00000

Y-values

      114.010
      95.6271
      95.7120
      98.1810
      110.009
      109.172
      102.593
      99.0345
      110.278
      106.271
      113.411
      108.155
      96.8393
      99.3330
      109.137
      106.170
      136.046
      166.153
      170.564
      175.057
      168.062
      186.246
      187.689
      180.361
      197.293
      194.921
      203.854
      190.026
      198.152
      203.519
      218.974
      199.403
      201.502
      214.078
      202.772
      209.967
      207.071
      226.826
      227.149
      230.696
      228.488
      223.293
      225.009
      218.508
      216.853
      221.686
      221.094
      223.814
      206.111
      205.697
      210.527
      206.495
      201.432
      202.671
      210.636
      208.209
      199.658
