X-values

      0.00000000
       4.5000000
       9.0000000
       13.500000
       18.000000
       22.500000
       27.000000
       31.500000
       36.000000
       40.500000
       45.000000
       49.500000
       54.000000
       58.500000
       63.000000
       67.500000
       72.000000
       76.500000
       81.000000
       85.500000
       90.000000
       94.500000
       99.000000
       103.50000
       108.00000
       112.50000
       117.00000
       121.50000
       126.00000
       130.50000
       135.00000
       139.50000
       144.00000
       148.50000
       153.00000
       157.50000
       162.00000
       166.50000
       171.00000
       175.50000
       180.00000
       184.50000
       189.00000
       193.50000
       198.00000
       202.50000
       207.00000
       211.50000
       216.00000
       220.50000
       225.00000
       229.50000
       234.00000
       238.50000
       243.00000
       247.50000
       252.00000
       256.50000

Y-values

      62.4733
      59.1320
      61.0685
      55.7278
      61.8441
      56.0507
      58.6183
      60.3719
      64.0334
      61.5318
      60.4756
      59.2792
      59.5721
      82.6275
      112.720
      133.522
      125.999
      123.853
      118.196
      116.367
      113.955
      117.322
      114.740
      119.895
      113.173
      119.353
      120.265
      120.572
      121.723
      122.958
      120.639
      122.754
      119.842
      121.837
      122.679
      120.744
      124.735
      127.651
      123.262
      128.021
      124.094
      123.366
      125.317
      118.525
      120.237
      113.689
      119.399
      121.538
      120.858
      115.692
      112.517
      113.008
      110.665
      116.029
      113.037
      114.930
      115.142
      115.636
