X-values

      0.00000000
       4.5000000
       9.0000000
       13.500000
       18.000000
       22.500000
       27.000000
       31.500000
       36.000000
       40.500000
       45.000000
       49.500000
       54.000000
       58.500000
       63.000000
       67.500000
       72.000000
       76.500000
       81.000000
       85.500000
       90.000000
       94.500000
       99.000000
       103.50000
       108.00000
       112.50000
       117.00000
       121.50000
       126.00000
       130.50000
       135.00000
       139.50000
       144.00000
       148.50000
       153.00000
       157.50000
       162.00000
       166.50000
       171.00000
       175.50000
       180.00000
       184.50000
       189.00000
       193.50000
       198.00000
       202.50000
       207.00000
       211.50000
       216.00000
       220.50000
       225.00000
       229.50000
       234.00000
       238.50000
       243.00000
       247.50000
       252.00000

Y-values

      65.7936
      62.0479
      61.2869
      62.8704
      68.3520
      49.0221
      51.8415
      61.7684
      52.2875
      57.1806
      64.7623
      63.6339
      54.0006
      85.5055
      96.0608
      102.513
      115.621
      118.453
      101.755
      107.611
      101.896
      114.094
      105.888
      118.529
      128.154
      122.586
      123.073
      119.023
      118.027
      112.289
      120.737
      110.123
      114.982
      112.101
      129.315
      115.117
      112.742
      120.367
      124.342
      112.605
      113.443
      122.388
      115.930
      107.135
      116.900
      108.552
      128.932
      113.673
      111.326
      118.377
      116.005
      118.347
      106.061
      110.178
      113.192
      119.163
      109.393
