X-values

      0.00000000
       4.5000000
       9.0000000
       13.500000
       18.000000
       22.500000
       27.000000
       31.500000
       36.000000
       40.500000
       45.000000
       49.500000
       54.000000
       58.500000
       63.000000
       67.500000
       72.000000
       76.500000
       81.000000
       85.500000
       90.000000
       94.500000
       99.000000
       103.50000
       108.00000
       112.50000
       117.00000
       121.50000
       126.00000
       130.50000
       135.00000
       139.50000
       144.00000
       148.50000
       153.00000
       157.50000
       162.00000
       166.50000
       171.00000
       175.50000
       180.00000
       184.50000
       189.00000
       193.50000
       198.00000
       202.50000
       207.00000
       211.50000
       216.00000
       220.50000
       225.00000
       229.50000
       234.00000
       238.50000
       243.00000
       247.50000
       252.00000
       256.50000
       261.00000

Y-values

      26.5455
      20.5636
      20.1636
      17.9818
      20.3273
      19.3455
      26.0182
      17.8727
      28.4000
      20.3636
      24.0364
      17.8364
      22.7636
      95.1818
      225.382
      224.382
      172.182
      116.164
      110.655
      119.509
      125.982
      122.218
      115.418
      120.091
      119.800
      123.327
      118.291
      114.455
      105.709
      116.855
      108.982
      107.636
      107.509
      102.527
      98.5273
      107.382
      102.036
      102.764
      96.1091
      96.8000
      99.3818
      90.3455
      95.7636
      97.6909
      96.2364
      87.9273
      89.2364
      79.8909
      90.3273
      78.9455
      75.7636
      76.0909
      68.4909
      80.7273
      86.0909
      82.6182
      74.4727
      75.4545
      76.1455
