X-values

      0.00000000
       4.5000000
       9.0000000
       13.500000
       18.000000
       22.500000
       27.000000
       31.500000
       36.000000
       40.500000
       45.000000
       49.500000
       54.000000
       58.500000
       63.000000
       67.500000
       72.000000
       76.500000
       81.000000
       85.500000
       90.000000
       94.500000
       99.000000
       103.50000
       108.00000
       112.50000
       117.00000
       121.50000
       126.00000
       130.50000
       135.00000
       139.50000
       144.00000
       148.50000
       153.00000
       157.50000
       162.00000
       166.50000
       171.00000
       175.50000
       180.00000
       184.50000
       189.00000
       193.50000
       198.00000
       202.50000
       207.00000
       211.50000
       216.00000
       220.50000
       225.00000
       229.50000
       234.00000
       238.50000
       243.00000
       247.50000
       252.00000
       256.50000
       261.00000
       265.50000

Y-values

      86.6071
      85.6047
      76.9975
      79.4759
      76.5178
      88.8896
      86.6447
      78.9774
      91.1522
      91.9337
      88.0737
      85.7568
      81.1753
      102.360
      190.855
      231.152
      213.261
      190.490
      187.772
      193.913
      202.293
      197.629
      192.945
      195.405
      192.108
      205.632
      203.750
      202.665
      205.620
      206.609
      205.041
      198.124
      200.764
      209.673
      210.699
      207.504
      211.672
      213.592
      215.575
      208.075
      208.991
      209.794
      219.707
      202.830
      216.463
      213.504
      211.115
      210.206
      213.275
      207.545
      174.535
      171.883
      174.003
      176.144
      180.914
      170.476
      176.725
      176.677
      168.072
      181.241
