X-values

      0.00000000
       4.5000000
       9.0000000
       13.500000
       18.000000
       22.500000
       27.000000
       31.500000
       36.000000
       40.500000
       45.000000
       49.500000
       54.000000
       58.500000
       63.000000
       67.500000
       72.000000
       76.500000
       81.000000
       85.500000
       90.000000
       94.500000
       99.000000
       103.50000
       108.00000
       112.50000
       117.00000
       121.50000
       126.00000
       130.50000
       135.00000
       139.50000
       144.00000
       148.50000
       153.00000
       157.50000
       162.00000
       166.50000
       171.00000
       175.50000
       180.00000
       184.50000
       189.00000
       193.50000
       198.00000
       202.50000
       207.00000
       211.50000
       216.00000
       220.50000
       225.00000
       229.50000
       234.00000
       238.50000
       243.00000
       247.50000
       252.00000
       256.50000
       261.00000
       265.50000

Y-values

      54.9776
      52.6375
      60.3913
      61.2854
      57.5784
      51.5616
      55.3688
      55.6448
      56.7621
      57.8346
      58.2159
      57.9165
      70.7627
      119.404
      133.440
      127.624
      119.271
      124.772
      119.803
      122.683
      121.149
      124.568
      124.937
      122.481
      123.454
      121.791
      124.320
      127.802
      123.468
      125.119
      126.417
      125.706
      124.002
      120.343
      122.022
      124.310
      118.634
      120.776
      121.168
      112.318
      111.481
      118.100
      114.132
      113.920
      114.899
      111.024
      109.018
      118.327
      113.189
      112.152
      109.968
      107.857
      108.245
      109.163
      110.621
      106.687
      107.447
      110.824
      108.621
      109.493
