X-values

      0.00000000
       4.5000000
       9.0000000
       13.500000
       18.000000
       22.500000
       27.000000
       31.500000
       36.000000
       40.500000
       45.000000
       49.500000
       54.000000
       58.500000
       63.000000
       67.500000
       72.000000
       76.500000
       81.000000
       85.500000
       90.000000
       94.500000
       99.000000
       103.50000
       108.00000
       112.50000
       117.00000
       121.50000
       126.00000
       130.50000
       135.00000
       139.50000
       144.00000
       148.50000
       153.00000
       157.50000
       162.00000
       166.50000
       171.00000
       175.50000
       180.00000
       184.50000
       189.00000
       193.50000
       198.00000
       202.50000
       207.00000
       211.50000
       216.00000
       220.50000
       225.00000
       229.50000
       234.00000
       238.50000
       243.00000
       247.50000

Y-values

      17.5060
      17.5663
      14.0361
      16.3494
      17.4819
      15.1084
      13.6024
      13.9759
      15.0000
      13.7349
      16.0361
      15.8675
      110.217
      211.181
      183.566
      120.012
      91.8675
      90.9639
      99.7831
      87.8313
      79.2410
      75.8072
      76.5422
      79.5060
      74.7590
      80.0361
      74.0843
      77.7470
      76.1928
      69.9518
      70.5181
      67.9518
      71.3373
      69.1446
      68.8795
      70.3373
      68.7229
      65.8675
      64.2771
      67.0843
      68.0241
      64.4940
      62.2169
      61.8313
      64.3976
      60.4096
      51.0361
      51.3614
      54.1205
      53.2530
      52.5301
      51.2048
      54.4940
      52.1687
      50.9880
      52.7590
