X-values

      0.00000000
       4.5000000
       9.0000000
       13.500000
       18.000000
       22.500000
       27.000000
       31.500000
       36.000000
       40.500000
       45.000000
       49.500000
       54.000000
       58.500000
       63.000000
       67.500000
       72.000000
       76.500000
       81.000000
       85.500000
       90.000000
       94.500000
       99.000000
       103.50000
       108.00000
       112.50000
       117.00000
       121.50000
       126.00000
       130.50000
       135.00000
       139.50000
       144.00000
       148.50000
       153.00000
       157.50000
       162.00000
       166.50000
       171.00000
       175.50000
       180.00000
       184.50000
       189.00000
       193.50000
       198.00000
       202.50000
       207.00000
       211.50000
       216.00000
       220.50000
       225.00000
       229.50000
       234.00000
       238.50000
       243.00000
       247.50000
       252.00000
       256.50000
       261.00000
       265.50000

Y-values

      58.5993
      61.8770
      51.5031
      55.0627
      62.5840
      52.4586
      53.1763
      62.5855
      50.7745
      51.5077
      52.4415
      56.3713
      55.9171
      54.6806
      57.0986
      55.5498
      72.7601
      92.3615
      102.700
      109.866
      104.676
      107.823
      107.686
      101.809
      108.320
      106.047
      104.598
      107.281
      102.025
      101.767
      109.614
      107.610
      106.791
      111.801
      108.305
      103.765
      105.861
      102.586
      107.142
      103.543
      103.312
      109.183
      107.818
      105.408
      109.505
      110.467
      105.324
      108.909
      104.400
      109.439
      103.421
      106.069
      104.048
      102.673
      108.481
      111.164
      101.494
      107.826
      109.065
      108.734
