X-values

      0.00000000
       4.5000000
       9.0000000
       13.500000
       18.000000
       22.500000
       27.000000
       31.500000
       36.000000
       40.500000
       45.000000
       49.500000
       54.000000
       58.500000
       63.000000
       67.500000
       72.000000
       76.500000
       81.000000
       85.500000
       90.000000
       94.500000
       99.000000
       103.50000
       108.00000
       112.50000
       117.00000
       121.50000
       126.00000
       130.50000
       135.00000
       139.50000
       144.00000
       148.50000
       153.00000
       157.50000
       162.00000
       166.50000
       171.00000
       175.50000
       180.00000
       184.50000
       189.00000
       193.50000
       198.00000
       202.50000
       207.00000
       211.50000
       216.00000
       220.50000
       225.00000
       229.50000
       234.00000
       238.50000
       243.00000
       247.50000
       252.00000

Y-values

      42.8158
      41.5789
      46.1842
      47.6579
      46.0263
      44.8421
      46.0526
      45.4474
      44.5789
      42.2632
      62.0789
      156.421
      193.921
      197.184
      148.579
      111.711
      102.447
      112.184
      124.921
      124.763
      123.579
      126.921
      128.526
      126.947
      123.711
      122.211
      119.184
      119.395
      114.816
      116.553
      112.316
      115.053
      115.184
      117.605
      113.605
      110.053
      117.658
      111.395
      115.079
      115.237
      113.711
      112.026
      112.632
      108.632
      112.000
      106.947
      110.553
      90.2105
      99.2368
      99.7632
      94.0000
      94.1316
      100.237
      91.9737
      92.7368
      96.0000
      94.3421
