X-values

      0.00000000
       4.5000000
       9.0000000
       13.500000
       18.000000
       22.500000
       27.000000
       31.500000
       36.000000
       40.500000
       45.000000
       49.500000
       54.000000
       58.500000
       63.000000
       67.500000
       72.000000
       76.500000
       81.000000
       85.500000
       90.000000
       94.500000
       99.000000
       103.50000
       108.00000
       112.50000
       117.00000
       121.50000
       126.00000
       130.50000
       135.00000
       139.50000
       144.00000
       148.50000
       153.00000
       157.50000
       162.00000
       166.50000
       171.00000
       175.50000
       180.00000
       184.50000
       189.00000
       193.50000
       198.00000
       202.50000
       207.00000
       211.50000
       216.00000
       220.50000
       225.00000
       229.50000
       234.00000
       238.50000
       243.00000
       247.50000
       252.00000
       256.50000
       261.00000
       265.50000
       270.00000
       274.50000
       279.00000
       283.50000
       288.00000
       292.50000
       297.00000

Y-values

      16.1500
      15.5250
      16.1750
      18.1500
      17.3250
      15.9000
      14.8750
      15.9000
      16.2000
      14.6000
      15.8000
      239.875
      226.475
      154.000
      79.6250
      77.2250
      98.2000
      115.600
      110.250
      101.725
      97.2000
      96.1000
      100.625
      97.3500
      93.1000
      91.1500
      91.2500
      85.7750
      87.5750
      85.0500
      85.1500
      85.8500
      84.4000
      80.8500
      76.7500
      76.8750
      76.0500
      76.7500
      79.8500
      79.4250
      74.4000
      75.7750
      74.7500
      77.1500
      73.9750
      74.9000
      72.9250
      69.0000
      67.6500
      65.9750
      65.7000
      66.7250
      66.3750
      64.5000
      68.9750
      64.8000
      67.6250
      64.4000
      62.2000
      66.3000
      60.0000
      63.1250
      64.3250
      61.1250
      59.3750
      67.6750
      66.6000
