X-values

      0.00000000
       4.5000000
       9.0000000
       13.500000
       18.000000
       22.500000
       27.000000
       31.500000
       36.000000
       40.500000
       45.000000
       49.500000
       54.000000
       58.500000
       63.000000
       67.500000
       72.000000
       76.500000
       81.000000
       85.500000
       90.000000
       94.500000
       99.000000
       103.50000
       108.00000
       112.50000
       117.00000
       121.50000
       126.00000
       130.50000
       135.00000
       139.50000
       144.00000
       148.50000
       153.00000
       157.50000
       162.00000
       166.50000
       171.00000
       175.50000
       180.00000
       184.50000
       189.00000
       193.50000
       198.00000
       202.50000
       207.00000
       211.50000
       216.00000
       220.50000
       225.00000
       229.50000
       234.00000
       238.50000
       243.00000

Y-values

      111.227
      115.510
      113.909
      111.974
      113.773
      109.696
      111.112
      114.224
      111.200
      114.448
      177.788
      246.541
      242.928
      224.294
      217.637
      223.033
      218.761
      215.119
      220.496
      232.639
      225.434
      232.689
      229.998
      238.753
      228.621
      234.202
      237.213
      230.883
      237.207
      237.970
      240.383
      239.471
      243.252
      240.183
      244.491
      242.122
      245.841
      243.323
      239.831
      236.811
      236.138
      237.871
      233.477
      229.566
      232.166
      209.387
      209.566
      203.520
      205.251
      200.553
      206.980
      198.885
      206.809
      208.797
      201.801
