X-values

      0.00000000
       4.5000000
       9.0000000
       13.500000
       18.000000
       22.500000
       27.000000
       31.500000
       36.000000
       40.500000
       45.000000
       49.500000
       54.000000
       58.500000
       63.000000
       67.500000
       72.000000
       76.500000
       81.000000
       85.500000
       90.000000
       94.500000
       99.000000
       103.50000
       108.00000
       112.50000
       117.00000
       121.50000
       126.00000
       130.50000
       135.00000
       139.50000
       144.00000
       148.50000
       153.00000
       157.50000
       162.00000
       166.50000
       171.00000
       175.50000
       180.00000
       184.50000
       189.00000
       193.50000
       198.00000
       202.50000
       207.00000
       211.50000
       216.00000
       220.50000

Y-values

      19.2813
      20.5313
      20.5313
      21.1875
      23.0625
      23.9063
      23.0000
      17.7500
      25.5000
      18.3438
      19.2188
      23.8125
      39.5625
      167.813
      202.813
      165.281
      96.9688
      79.4688
      96.3125
      97.4375
      94.3750
      87.7813
      87.1250
      86.7500
      83.9688
      86.2500
      86.2188
      83.2188
      83.3125
      80.6875
      73.6563
      82.2500
      77.0000
      75.5938
      77.6563
      75.8125
      75.3750
      75.6875
      75.0938
      77.7500
      68.7188
      71.0000
      70.9063
      68.0000
      69.5625
      67.5313
      65.4063
      70.8438
      61.8125
      70.3438
