X-values

      0.00000000
       4.5000000
       9.0000000
       13.500000
       18.000000
       22.500000
       27.000000
       31.500000
       36.000000
       40.500000
       45.000000
       49.500000
       54.000000
       58.500000
       63.000000
       67.500000
       72.000000
       76.500000
       81.000000
       85.500000
       90.000000
       94.500000
       99.000000
       103.50000
       108.00000
       112.50000
       117.00000
       121.50000
       126.00000
       130.50000
       135.00000
       139.50000
       144.00000
       148.50000
       153.00000
       157.50000
       162.00000
       166.50000
       171.00000
       175.50000
       180.00000
       184.50000
       189.00000
       193.50000
       198.00000
       202.50000
       207.00000
       211.50000
       216.00000
       220.50000

Y-values

      65.2111
      67.8047
      64.9754
      65.7510
      82.5158
      70.8863
      70.9696
      84.0915
      70.1302
      72.2745
      68.6402
      69.3452
      67.4804
      74.5556
      94.3984
      107.906
      113.595
      113.786
      114.606
      111.248
      116.500
      112.553
      112.716
      119.892
      118.717
      113.067
      110.084
      121.828
      119.118
      114.889
      113.343
      112.587
      114.899
      117.719
      119.488
      120.291
      118.672
      116.443
      119.971
      118.109
      115.101
      119.490
      124.152
      116.487
      113.512
      123.037
      119.382
      130.275
      123.770
      125.238
