X-values

      0.00000000
       4.5000000
       9.0000000
       13.500000
       18.000000
       22.500000
       27.000000
       31.500000
       36.000000
       40.500000
       45.000000
       49.500000
       54.000000
       58.500000
       63.000000
       67.500000
       72.000000
       76.500000
       81.000000
       85.500000
       90.000000
       94.500000
       99.000000
       103.50000
       108.00000
       112.50000
       117.00000
       121.50000
       126.00000
       130.50000
       135.00000
       139.50000
       144.00000
       148.50000
       153.00000
       157.50000
       162.00000
       166.50000
       171.00000
       175.50000
       180.00000
       184.50000
       189.00000
       193.50000
       198.00000
       202.50000
       207.00000
       211.50000
       216.00000
       220.50000
       225.00000
       229.50000
       234.00000
       238.50000
       243.00000

Y-values

      26.5000
      18.4286
      16.8929
      22.3214
      20.0714
      17.8571
      16.9286
      19.5357
      16.3571
      18.8929
      18.5714
      20.4286
      18.7500
      17.8929
      65.9643
      105.393
      130.821
      151.821
      167.929
      168.071
      157.179
      131.714
      131.107
      115.000
      112.786
      111.607
      105.821
      95.8929
      97.8929
      97.3929
      92.9286
      92.2857
      97.9643
      88.5714
      91.4286
      86.8571
      94.3571
      97.8571
      94.6071
      83.2500
      79.7143
      88.0714
      75.3929
      79.9643
      84.2143
      63.0000
      58.2857
      64.5000
      59.3929
      56.6786
      65.3214
      58.5000
      51.8214
      50.6786
      45.3571
