X-values

      0.00000000
       4.5000000
       9.0000000
       13.500000
       18.000000
       22.500000
       27.000000
       31.500000
       36.000000
       40.500000
       45.000000
       49.500000
       54.000000
       58.500000
       63.000000
       67.500000
       72.000000
       76.500000
       81.000000
       85.500000
       90.000000
       94.500000
       99.000000
       103.50000
       108.00000
       112.50000
       117.00000
       121.50000
       126.00000
       130.50000
       135.00000
       139.50000
       144.00000
       148.50000
       153.00000
       157.50000
       162.00000
       166.50000
       171.00000
       175.50000
       180.00000
       184.50000
       189.00000
       193.50000
       198.00000
       202.50000
       207.00000
       211.50000
       216.00000
       220.50000
       225.00000
       229.50000
       234.00000
       238.50000
       243.00000
       247.50000
       252.00000
       256.50000
       261.00000
       265.50000
       270.00000
       274.50000
       279.00000
       283.50000
       288.00000
       292.50000
       297.00000

Y-values

      86.2709
      85.8808
      81.3152
      86.5792
      84.0857
      88.2600
      89.7880
      88.2531
      90.2964
      81.5525
      87.8842
      109.107
      156.040
      173.854
      171.972
      158.236
      161.057
      158.120
      164.862
      162.567
      161.051
      163.776
      162.170
      167.697
      168.232
      165.657
      161.308
      170.550
      173.419
      172.229
      170.584
      176.583
      170.669
      166.181
      170.956
      168.210
      169.499
      173.604
      173.765
      176.169
      172.843
      169.859
      171.570
      172.219
      171.889
      172.755
      175.848
      169.815
      181.707
      165.867
      169.116
      180.797
      169.374
      176.161
      172.174
      174.895
      184.738
      174.826
      175.982
      181.352
      180.027
      171.454
      176.028
      175.499
      174.461
      181.206
      171.409
