X-values

      0.00000000
       4.5000000
       9.0000000
       13.500000
       18.000000
       22.500000
       27.000000
       31.500000
       36.000000
       40.500000
       45.000000
       49.500000
       54.000000
       58.500000
       63.000000
       67.500000
       72.000000
       76.500000
       81.000000
       85.500000
       90.000000
       94.500000
       99.000000
       103.50000
       108.00000
       112.50000
       117.00000
       121.50000
       126.00000
       130.50000
       135.00000
       139.50000
       144.00000
       148.50000
       153.00000
       157.50000
       162.00000
       166.50000
       171.00000
       175.50000
       180.00000
       184.50000
       189.00000
       193.50000
       198.00000
       202.50000
       207.00000
       211.50000
       216.00000

Y-values

      69.0000
      55.1818
      56.8636
      56.3182
      53.5455
      55.7727
      54.5909
      54.3636
      55.1364
      53.3182
      52.4545
      52.8636
      58.8636
      96.0455
      119.136
      118.318
      113.091
      103.364
      99.5455
      98.9545
      98.2273
      99.9091
      97.3636
      95.8636
      96.6364
      96.2727
      97.5000
      93.4545
      93.5455
      93.9091
      95.1818
      89.0909
      91.4091
      92.3182
      95.3182
      91.2727
      88.5455
      88.6364
      86.5000
      87.1818
      82.2727
      87.3182
      90.2727
      86.7273
      84.8182
      91.9091
      87.9091
      90.5000
      88.0909
