X-values

      0.00000000
       4.5000000
       9.0000000
       13.500000
       18.000000
       22.500000
       27.000000
       31.500000
       36.000000
       40.500000
       45.000000
       49.500000
       54.000000
       58.500000
       63.000000
       67.500000
       72.000000
       76.500000
       81.000000
       85.500000
       90.000000
       94.500000
       99.000000
       103.50000
       108.00000
       112.50000
       117.00000
       121.50000
       126.00000
       130.50000
       135.00000
       139.50000
       144.00000
       148.50000
       153.00000
       157.50000
       162.00000
       166.50000
       171.00000
       175.50000
       180.00000
       184.50000
       189.00000
       193.50000
       198.00000
       202.50000
       207.00000
       211.50000
       216.00000
       220.50000
       225.00000
       229.50000
       234.00000
       238.50000
       243.00000

Y-values

      19.0976
      25.2927
      30.7073
      24.1220
      25.7195
      26.6585
      28.4390
      22.2561
      21.3415
      25.8171
      22.2073
      82.3049
      243.098
      215.037
      140.915
      100.866
      103.049
      117.244
      111.902
      113.561
      108.354
      109.134
      111.744
      105.793
      97.5000
      97.5366
      95.9512
      95.9024
      98.7805
      92.9512
      95.6219
      93.2561
      94.1098
      90.8171
      93.6585
      92.3537
      90.3902
      85.4634
      91.9756
      87.0000
      85.0244
      87.2073
      83.9146
      82.8659
      79.2927
      78.1341
      78.0732
      75.5366
      74.8293
      74.4268
      77.1951
      78.5244
      71.4146
      73.7805
      73.8415
