X-values

      0.00000000
       4.5000000
       9.0000000
       13.500000
       18.000000
       22.500000
       27.000000
       31.500000
       36.000000
       40.500000
       45.000000
       49.500000
       54.000000
       58.500000
       63.000000
       67.500000
       72.000000
       76.500000
       81.000000
       85.500000
       90.000000
       94.500000
       99.000000
       103.50000
       108.00000
       112.50000
       117.00000
       121.50000
       126.00000
       130.50000
       135.00000
       139.50000
       144.00000
       148.50000
       153.00000
       157.50000
       162.00000
       166.50000
       171.00000
       175.50000
       180.00000
       184.50000
       189.00000
       193.50000
       198.00000
       202.50000
       207.00000
       211.50000
       216.00000
       220.50000
       225.00000
       229.50000
       234.00000
       238.50000
       243.00000

Y-values

      44.9951
      48.1011
      52.6101
      50.4546
      46.9824
      48.4002
      46.7892
      50.6748
      47.1719
      47.5749
      60.2855
      49.6471
      47.7987
      54.2694
      71.7331
      96.6657
      112.327
      119.159
      123.186
      113.721
      111.088
      110.324
      112.859
      110.089
      109.262
      103.626
      103.411
      101.073
      106.293
      104.434
      100.721
      102.068
      102.442
      100.541
      102.591
      97.0377
      94.5931
      98.3699
      102.827
      100.742
      101.785
      96.7416
      99.5964
      93.9238
      99.3802
      93.1436
      98.9010
      90.7015
      89.7993
      88.1491
      86.4950
      93.7768
      86.8257
      89.1734
      91.3334
