X-values

      0.00000000
       4.5000000
       9.0000000
       13.500000
       18.000000
       22.500000
       27.000000
       31.500000
       36.000000
       40.500000
       45.000000
       49.500000
       54.000000
       58.500000
       63.000000
       67.500000
       72.000000
       76.500000
       81.000000
       85.500000
       90.000000
       94.500000
       99.000000
       103.50000
       108.00000
       112.50000
       117.00000
       121.50000
       126.00000
       130.50000
       135.00000
       139.50000
       144.00000
       148.50000
       153.00000
       157.50000
       162.00000
       166.50000
       171.00000
       175.50000
       180.00000
       184.50000
       189.00000
       193.50000
       198.00000
       202.50000
       207.00000
       211.50000
       216.00000
       220.50000
       225.00000
       229.50000
       234.00000
       238.50000
       243.00000

Y-values

      119.353
      122.407
      112.202
      121.993
      123.277
      118.259
      123.257
      139.116
      119.877
      129.425
      157.463
      189.159
      225.370
      237.759
      252.571
      252.514
      240.951
      240.874
      239.658
      233.510
      248.074
      238.246
      240.335
      235.567
      240.077
      245.425
      251.521
      242.245
      246.056
      244.920
      242.823
      239.562
      233.178
      233.459
      242.501
      243.496
      243.513
      229.970
      245.146
      245.014
      234.597
      240.774
      234.597
      242.766
      237.522
      223.770
      217.291
      220.313
      218.808
      219.845
      222.155
      217.628
      225.398
      217.854
      223.045
