X-values

      0.00000000
       4.5000000
       9.0000000
       13.500000
       18.000000
       22.500000
       27.000000
       31.500000
       36.000000
       40.500000
       45.000000
       49.500000
       54.000000
       58.500000
       63.000000
       67.500000
       72.000000
       76.500000
       81.000000
       85.500000
       90.000000
       94.500000
       99.000000
       103.50000
       108.00000
       112.50000
       117.00000
       121.50000
       126.00000
       130.50000
       135.00000
       139.50000
       144.00000
       148.50000
       153.00000
       157.50000
       162.00000
       166.50000
       171.00000
       175.50000
       180.00000
       184.50000
       189.00000
       193.50000
       198.00000
       202.50000
       207.00000
       211.50000
       216.00000
       220.50000
       225.00000
       229.50000
       234.00000
       238.50000
       243.00000
       247.50000

Y-values

      57.1799
      54.6531
      55.1533
      56.0491
      54.4274
      56.1474
      54.9368
      55.0790
      55.7940
      53.4933
      54.0840
      54.0196
      58.3851
      52.6516
      79.8597
      116.358
      129.609
      122.653
      116.764
      116.682
      116.645
      117.040
      112.194
      114.457
      114.437
      112.651
      118.620
      120.821
      121.312
      115.628
      118.785
      119.727
      121.300
      118.683
      118.888
      120.481
      121.447
      121.430
      117.848
      120.705
      118.191
      119.555
      115.983
      118.245
      116.579
      116.110
      118.140
      114.551
      107.456
      108.362
      108.228
      110.983
      110.660
      104.381
      109.194
      108.122
