X-values

      0.00000000
       4.5000000
       9.0000000
       13.500000
       18.000000
       22.500000
       27.000000
       31.500000
       36.000000
       40.500000
       45.000000
       49.500000
       54.000000
       58.500000
       63.000000
       67.500000
       72.000000
       76.500000
       81.000000
       85.500000
       90.000000
       94.500000
       99.000000
       103.50000
       108.00000
       112.50000
       117.00000
       121.50000
       126.00000
       130.50000
       135.00000
       139.50000
       144.00000
       148.50000
       153.00000
       157.50000
       162.00000
       166.50000
       171.00000
       175.50000
       180.00000
       184.50000
       189.00000
       193.50000
       198.00000
       202.50000
       207.00000
       211.50000
       216.00000
       220.50000
       225.00000
       229.50000
       234.00000
       238.50000
       243.00000
       247.50000
       252.00000
       256.50000
       261.00000
       265.50000

Y-values

      117.685
      115.824
      113.740
      109.312
      117.146
      117.909
      116.387
      123.363
      124.346
      118.165
      119.657
      116.996
      118.472
      121.323
      142.475
      198.543
      261.123
      270.118
      260.369
      259.250
      250.722
      234.514
      254.785
      250.237
      254.267
      244.201
      251.397
      250.883
      260.788
      262.286
      262.492
      258.167
      264.575
      259.092
      252.297
      243.838
      252.767
      246.992
      258.176
      255.553
      258.672
      254.252
      261.642
      268.397
      253.573
      255.246
      247.567
      252.385
      259.403
      259.156
      238.323
      250.537
      244.311
      242.146
      242.618
      220.437
      237.152
      235.653
      236.321
      223.013
