X-values

      0.00000000
       4.5000000
       9.0000000
       13.500000
       18.000000
       22.500000
       27.000000
       31.500000
       36.000000
       40.500000
       45.000000
       49.500000
       54.000000
       58.500000
       63.000000
       67.500000
       72.000000
       76.500000
       81.000000
       85.500000
       90.000000
       94.500000
       99.000000
       103.50000
       108.00000
       112.50000
       117.00000
       121.50000
       126.00000
       130.50000
       135.00000
       139.50000
       144.00000
       148.50000
       153.00000
       157.50000
       162.00000
       166.50000
       171.00000
       175.50000
       180.00000
       184.50000
       189.00000
       193.50000
       198.00000
       202.50000
       207.00000
       211.50000
       216.00000
       220.50000
       225.00000
       229.50000
       234.00000
       238.50000
       243.00000

Y-values

      126.459
      136.730
      130.787
      127.340
      122.468
      125.109
      138.950
      133.191
      118.891
      136.658
      136.764
      132.539
      128.490
      119.528
      130.914
      150.456
      171.856
      181.502
      199.405
      214.394
      236.122
      243.545
      243.537
      261.913
      261.064
      260.414
      259.652
      264.401
      256.731
      245.230
      263.656
      262.143
      247.826
      259.912
      261.433
      262.600
      253.697
      248.298
      266.474
      269.041
      261.703
      266.040
      265.788
      265.457
      267.377
      239.920
      264.913
      249.831
      226.177
      238.411
      241.449
      236.630
      256.145
      243.907
      245.249
