X-values

      0.00000000
       4.5000000
       9.0000000
       13.500000
       18.000000
       22.500000
       27.000000
       31.500000
       36.000000
       40.500000
       45.000000
       49.500000
       54.000000
       58.500000
       63.000000
       67.500000
       72.000000
       76.500000
       81.000000
       85.500000
       90.000000
       94.500000
       99.000000
       103.50000
       108.00000
       112.50000
       117.00000
       121.50000
       126.00000
       130.50000
       135.00000
       139.50000
       144.00000
       148.50000
       153.00000
       157.50000
       162.00000
       166.50000
       171.00000
       175.50000
       180.00000
       184.50000
       189.00000
       193.50000
       198.00000
       202.50000
       207.00000
       211.50000
       216.00000
       220.50000
       225.00000
       229.50000
       234.00000
       238.50000
       243.00000
       247.50000
       252.00000
       256.50000
       261.00000
       265.50000

Y-values

      17.1905
      15.3333
      18.2143
      16.5476
      16.6667
      15.2143
      13.9286
      19.2619
      13.1667
      15.4524
      15.4286
      13.3810
      12.9286
      14.3095
      14.2857
      24.7143
      115.667
      148.929
      140.952
      116.905
      82.0714
      61.6667
      59.4048
      60.9524
      62.9286
      60.4524
      64.3810
      71.8095
      66.6905
      72.2857
      71.7381
      69.4048
      64.8810
      64.0476
      65.2857
      61.1429
      61.8810
      58.7143
      64.0714
      59.1905
      54.5714
      57.5000
      60.0952
      55.2619
      58.6429
      57.5238
      57.0000
      55.6905
      54.6667
      51.0238
      44.4286
      43.3333
      46.6190
      46.5714
      39.2619
      40.9048
      38.0238
      44.0952
      40.4048
      46.1905
