X-values

      0.00000000
       4.5000000
       9.0000000
       13.500000
       18.000000
       22.500000
       27.000000
       31.500000
       36.000000
       40.500000
       45.000000
       49.500000
       54.000000
       58.500000
       63.000000
       67.500000
       72.000000
       76.500000
       81.000000
       85.500000
       90.000000
       94.500000
       99.000000
       103.50000
       108.00000
       112.50000
       117.00000
       121.50000
       126.00000
       130.50000
       135.00000
       139.50000
       144.00000
       148.50000
       153.00000
       157.50000
       162.00000
       166.50000
       171.00000
       175.50000
       180.00000
       184.50000
       189.00000
       193.50000
       198.00000
       202.50000
       207.00000
       211.50000
       216.00000

Y-values

      21.2500
      18.0714
      15.7143
      19.0357
      20.5357
      22.4643
      23.7857
      20.7500
      18.6786
      29.1071
      21.2500
      21.8929
      85.2143
      160.857
      140.500
      109.286
      85.4643
      89.6071
      86.5357
      81.3929
      74.2500
      84.0357
      84.5714
      85.5000
      87.0357
      82.0357
      83.5000
      78.2500
      79.2857
      72.4643
      70.1071
      71.5714
      66.8214
      70.3214
      67.5714
      71.2500
      69.2500
      67.2857
      66.5357
      61.2143
      65.0000
      66.5000
      67.1429
      65.5000
      61.5714
      63.7857
      56.4286
      64.1429
      63.9643
