X-values

      0.00000000
       4.5000000
       9.0000000
       13.500000
       18.000000
       22.500000
       27.000000
       31.500000
       36.000000
       40.500000
       45.000000
       49.500000
       54.000000
       58.500000
       63.000000
       67.500000
       72.000000
       76.500000
       81.000000
       85.500000
       90.000000
       94.500000
       99.000000
       103.50000
       108.00000
       112.50000
       117.00000
       121.50000
       126.00000
       130.50000
       135.00000
       139.50000
       144.00000
       148.50000
       153.00000
       157.50000
       162.00000
       166.50000
       171.00000
       175.50000
       180.00000
       184.50000
       189.00000
       193.50000
       198.00000
       202.50000
       207.00000
       211.50000
       216.00000
       220.50000
       225.00000
       229.50000
       234.00000
       238.50000
       243.00000
       247.50000
       252.00000
       256.50000
       261.00000
       265.50000
       270.00000

Y-values

      39.7479
      45.1242
      39.1418
      40.3715
      40.0340
      36.9511
      38.3238
      36.0503
      38.0746
      38.4040
      35.1627
      38.3107
      38.1495
      36.5380
      40.2239
      41.2729
      55.2935
      64.3081
      74.8052
      76.6860
      79.5666
      78.1503
      73.6027
      74.5304
      73.3315
      73.7108
      73.8800
      73.8965
      70.1350
      74.7062
      71.1813
      71.7635
      73.4641
      71.3533
      74.6712
      75.0016
      73.9366
      73.7218
      71.2322
      72.1666
      73.5448
      71.9952
      73.5477
      74.7180
      72.8610
      70.8046
      70.3784
      73.4605
      70.5430
      72.5262
      68.4683
      68.1956
      68.5235
      65.1355
      67.6758
      67.5320
      67.1263
      65.1822
      68.6815
      63.7176
      63.7176
