X-values

      0.00000000
       4.5000000
       9.0000000
       13.500000
       18.000000
       22.500000
       27.000000
       31.500000
       36.000000
       40.500000
       45.000000
       49.500000
       54.000000
       58.500000
       63.000000
       67.500000
       72.000000
       76.500000
       81.000000
       85.500000
       90.000000
       94.500000
       99.000000
       103.50000
       108.00000
       112.50000
       117.00000
       121.50000
       126.00000
       130.50000
       135.00000
       139.50000
       144.00000
       148.50000
       153.00000
       157.50000
       162.00000
       166.50000
       171.00000
       175.50000
       180.00000
       184.50000
       189.00000
       193.50000
       198.00000
       202.50000
       207.00000
       211.50000
       216.00000
       220.50000
       225.00000
       229.50000
       234.00000
       238.50000
       243.00000
       247.50000
       252.00000
       256.50000

Y-values

      95.3613
      99.6438
      95.7818
      91.5748
      90.6760
      91.2126
      94.8786
      92.2339
      87.4362
      94.2822
      90.9218
      94.7587
      103.021
      129.519
      171.716
      205.267
      222.552
      221.136
      209.647
      203.791
      205.664
      209.778
      207.846
      200.182
      193.564
      190.410
      190.501
      192.377
      193.131
      192.807
      201.776
      198.373
      195.281
      201.996
      196.531
      201.726
      201.179
      200.426
      201.221
      200.961
      205.434
      207.542
      208.444
      216.439
      211.475
      218.052
      220.686
      220.016
      207.348
      205.379
      193.753
      198.579
      201.251
      204.787
      204.297
      206.687
      199.034
      200.259
