X-values

      0.00000000
       4.5000000
       9.0000000
       13.500000
       18.000000
       22.500000
       27.000000
       31.500000
       36.000000
       40.500000
       45.000000
       49.500000
       54.000000
       58.500000
       63.000000
       67.500000
       72.000000
       76.500000
       81.000000
       85.500000
       90.000000
       94.500000
       99.000000
       103.50000
       108.00000
       112.50000
       117.00000
       121.50000
       126.00000
       130.50000
       135.00000
       139.50000
       144.00000
       148.50000
       153.00000
       157.50000
       162.00000
       166.50000
       171.00000
       175.50000
       180.00000
       184.50000
       189.00000
       193.50000
       198.00000
       202.50000
       207.00000
       211.50000
       216.00000
       220.50000
       225.00000
       229.50000
       234.00000
       238.50000
       243.00000
       247.50000
       252.00000

Y-values

      56.2963
      53.9836
      53.9873
      58.2757
      72.5108
      54.6245
      51.3851
      56.1247
      51.8396
      51.0500
      54.4454
      59.8160
      56.7859
      80.2903
      92.2114
      95.2637
      101.187
      94.9749
      100.267
      104.470
      97.8319
      105.008
      96.0120
      101.799
      103.037
      107.148
      101.956
      108.126
      104.658
      114.856
      107.587
      106.296
      110.813
      106.625
      118.357
      110.691
      113.151
      115.736
      111.493
      110.683
      111.467
      111.543
      107.811
      109.073
      112.839
      109.054
      112.010
      98.5081
      101.420
      114.009
      106.002
      106.054
      110.245
      105.065
      103.767
      102.403
      100.365
