X-values

      0.00000000
       4.5000000
       9.0000000
       13.500000
       18.000000
       22.500000
       27.000000
       31.500000
       36.000000
       40.500000
       45.000000
       49.500000
       54.000000
       58.500000
       63.000000
       67.500000
       72.000000
       76.500000
       81.000000
       85.500000
       90.000000
       94.500000
       99.000000
       103.50000
       108.00000
       112.50000
       117.00000
       121.50000
       126.00000
       130.50000
       135.00000
       139.50000
       144.00000
       148.50000
       153.00000
       157.50000
       162.00000
       166.50000
       171.00000
       175.50000
       180.00000
       184.50000
       189.00000
       193.50000
       198.00000
       202.50000
       207.00000
       211.50000
       216.00000
       220.50000
       225.00000
       229.50000
       234.00000
       238.50000
       243.00000
       247.50000
       252.00000
       256.50000
       261.00000
       265.50000

Y-values

      19.4828
      26.1724
      20.3448
      22.5517
      18.2069
      21.7931
      18.7586
      18.9310
      17.9310
      15.1379
      18.6552
      16.4828
      20.3448
      87.8621
      218.759
      193.931
      132.000
      74.8276
      84.2069
      108.172
      111.241
      93.1724
      88.8621
      88.5517
      82.0345
      88.7931
      88.3793
      86.6897
      86.0690
      77.4828
      82.2759
      79.8621
      86.8621
      77.5862
      77.1034
      77.1379
      84.0690
      79.5172
      70.8276
      80.0345
      74.6897
      74.6897
      70.0000
      68.3448
      70.3103
      72.4828
      69.2759
      72.0690
      70.7931
      73.4138
      64.6897
      61.6552
      53.2759
      57.0345
      65.2069
      51.6207
      59.6897
      55.4138
      52.1034
      59.0690
