X-values

      0.00000000
       4.5000000
       9.0000000
       13.500000
       18.000000
       22.500000
       27.000000
       31.500000
       36.000000
       40.500000
       45.000000
       49.500000
       54.000000
       58.500000
       63.000000
       67.500000
       72.000000
       76.500000
       81.000000
       85.500000
       90.000000
       94.500000
       99.000000
       103.50000
       108.00000
       112.50000
       117.00000
       121.50000
       126.00000
       130.50000
       135.00000
       139.50000
       144.00000
       148.50000
       153.00000
       157.50000
       162.00000
       166.50000
       171.00000
       175.50000
       180.00000
       184.50000
       189.00000
       193.50000
       198.00000
       202.50000
       207.00000
       211.50000
       216.00000
       220.50000
       225.00000
       229.50000
       234.00000
       238.50000
       243.00000
       247.50000
       252.00000

Y-values

      62.5425
      62.8821
      58.9221
      59.8576
      59.5659
      69.1832
      72.1040
      66.1995
      62.2105
      59.0942
      63.9387
      61.3658
      72.5891
      95.0486
      119.819
      127.925
      118.324
      123.021
      130.215
      127.465
      126.804
      123.143
      132.753
      123.155
      119.893
      123.992
      125.156
      125.086
      125.272
      125.808
      122.954
      128.314
      126.416
      124.726
      132.175
      126.439
      130.086
      119.343
      124.935
      128.549
      130.914
      127.734
      127.348
      129.279
      125.877
      124.180
      126.392
      126.773
      125.285
      123.479
      123.814
      120.662
      123.746
      114.475
      121.683
      115.685
      117.304
