X-values

      0.00000000
       4.5000000
       9.0000000
       13.500000
       18.000000
       22.500000
       27.000000
       31.500000
       36.000000
       40.500000
       45.000000
       49.500000
       54.000000
       58.500000
       63.000000
       67.500000
       72.000000
       76.500000
       81.000000
       85.500000
       90.000000
       94.500000
       99.000000
       103.50000
       108.00000
       112.50000
       117.00000
       121.50000
       126.00000
       130.50000
       135.00000
       139.50000
       144.00000
       148.50000
       153.00000
       157.50000
       162.00000
       166.50000
       171.00000
       175.50000
       180.00000
       184.50000
       189.00000
       193.50000
       198.00000
       202.50000
       207.00000
       211.50000
       216.00000
       220.50000
       225.00000
       229.50000
       234.00000
       238.50000
       243.00000
       247.50000

Y-values

      61.4845
      61.6747
      55.5629
      57.5796
      63.4622
      64.5962
      65.1226
      61.2429
      64.8982
      65.5329
      60.5612
      63.0000
      68.2974
      64.3643
      89.7828
      144.710
      162.107
      156.448
      148.437
      145.075
      136.755
      136.212
      138.408
      139.488
      138.654
      137.641
      139.392
      141.127
      146.753
      144.837
      150.367
      149.102
      147.568
      144.695
      142.096
      146.592
      145.719
      143.728
      142.042
      144.380
      143.229
      137.791
      137.366
      140.084
      141.606
      135.946
      135.822
      139.355
      130.880
      126.358
      126.107
      128.201
      125.548
      121.508
      122.592
      121.563
