X-values

      0.00000000
       4.5000000
       9.0000000
       13.500000
       18.000000
       22.500000
       27.000000
       31.500000
       36.000000
       40.500000
       45.000000
       49.500000
       54.000000
       58.500000
       63.000000
       67.500000
       72.000000
       76.500000
       81.000000
       85.500000
       90.000000
       94.500000
       99.000000
       103.50000
       108.00000
       112.50000
       117.00000
       121.50000
       126.00000
       130.50000
       135.00000
       139.50000
       144.00000
       148.50000
       153.00000
       157.50000
       162.00000
       166.50000
       171.00000
       175.50000
       180.00000
       184.50000
       189.00000
       193.50000
       198.00000
       202.50000
       207.00000
       211.50000
       216.00000
       220.50000
       225.00000
       229.50000
       234.00000
       238.50000
       243.00000
       247.50000
       252.00000
       256.50000
       261.00000
       265.50000

Y-values

      88.6264
      98.0261
      95.0040
      92.7614
      90.2115
      87.6804
      96.7423
      97.4520
      89.1168
      92.4355
      88.9229
      93.5825
      98.8364
      92.2611
      91.2619
      92.5565
      105.046
      126.231
      149.005
      163.166
      163.033
      160.310
      159.494
      153.794
      148.980
      147.385
      147.964
      152.594
      156.008
      157.423
      163.152
      154.118
      152.490
      164.467
      164.747
      159.858
      157.273
      155.394
      152.129
      154.071
      158.677
      162.982
      154.913
      158.987
      152.951
      155.173
      163.116
      160.653
      161.553
      157.448
      157.016
      153.445
      156.010
      163.122
      155.031
      159.386
      155.175
      158.380
      166.051
      157.875
