X-values

      0.00000000
       4.5000000
       9.0000000
       13.500000
       18.000000
       22.500000
       27.000000
       31.500000
       36.000000
       40.500000
       45.000000
       49.500000
       54.000000
       58.500000
       63.000000
       67.500000
       72.000000
       76.500000
       81.000000
       85.500000
       90.000000
       94.500000
       99.000000
       103.50000
       108.00000
       112.50000
       117.00000
       121.50000
       126.00000
       130.50000
       135.00000
       139.50000
       144.00000
       148.50000
       153.00000
       157.50000
       162.00000
       166.50000
       171.00000
       175.50000
       180.00000
       184.50000
       189.00000
       193.50000
       198.00000
       202.50000
       207.00000
       211.50000
       216.00000
       220.50000
       225.00000
       229.50000
       234.00000
       238.50000
       243.00000
       247.50000
       252.00000

Y-values

      109.359
      112.617
      100.173
      105.995
      93.7047
      108.381
      101.715
      100.757
      106.777
      137.537
      118.596
      118.217
      177.088
      239.762
      239.991
      223.654
      225.686
      211.940
      222.301
      200.519
      215.679
      197.888
      204.615
      206.751
      207.398
      191.526
      204.295
      204.888
      201.121
      209.294
      202.040
      199.376
      210.085
      199.120
      200.991
      198.295
      195.206
      204.526
      200.844
      191.451
      195.062
      195.571
      194.274
      201.540
      192.046
      195.198
      200.498
      194.744
      180.719
      179.508
      187.978
      183.092
      177.030
      188.149
      181.770
      181.798
      181.896
