X-values

      0.00000000
       4.5000000
       9.0000000
       13.500000
       18.000000
       22.500000
       27.000000
       31.500000
       36.000000
       40.500000
       45.000000
       49.500000
       54.000000
       58.500000
       63.000000
       67.500000
       72.000000
       76.500000
       81.000000
       85.500000
       90.000000
       94.500000
       99.000000
       103.50000
       108.00000
       112.50000
       117.00000
       121.50000
       126.00000
       130.50000
       135.00000
       139.50000
       144.00000
       148.50000
       153.00000
       157.50000
       162.00000
       166.50000
       171.00000
       175.50000
       180.00000
       184.50000
       189.00000
       193.50000
       198.00000
       202.50000
       207.00000
       211.50000
       216.00000
       220.50000
       225.00000
       229.50000
       234.00000
       238.50000
       243.00000
       247.50000
       252.00000
       256.50000

Y-values

      80.9751
      87.0893
      76.7773
      73.9931
      71.5376
      75.5259
      79.1927
      74.9226
      71.1004
      75.8324
      72.7902
      76.9800
      80.2699
      96.6728
      128.444
      152.484
      164.696
      167.976
      166.615
      163.518
      159.807
      164.303
      163.058
      161.022
      156.685
      148.738
      156.606
      155.736
      156.673
      156.117
      159.787
      157.525
      158.559
      165.670
      162.180
      159.855
      164.997
      160.930
      163.268
      166.124
      169.796
      171.670
      173.738
      175.793
      173.086
      182.714
      184.579
      184.188
      183.630
      164.231
      165.588
      173.251
      181.750
      181.965
      181.732
      169.787
      177.759
      175.160
