X-values

      0.00000000
       4.5000000
       9.0000000
       13.500000
       18.000000
       22.500000
       27.000000
       31.500000
       36.000000
       40.500000
       45.000000
       49.500000
       54.000000
       58.500000
       63.000000
       67.500000
       72.000000
       76.500000
       81.000000
       85.500000
       90.000000
       94.500000
       99.000000
       103.50000
       108.00000
       112.50000
       117.00000
       121.50000
       126.00000
       130.50000
       135.00000
       139.50000
       144.00000
       148.50000
       153.00000
       157.50000
       162.00000
       166.50000
       171.00000
       175.50000
       180.00000
       184.50000
       189.00000
       193.50000
       198.00000
       202.50000
       207.00000
       211.50000
       216.00000

Y-values

      95.9461
      96.5431
      94.2056
      91.5577
      95.1743
      98.1703
      95.3839
      98.4074
      95.9849
      95.9049
      92.5097
      95.6630
      98.6976
      100.961
      116.500
      118.679
      131.291
      132.309
      136.338
      141.869
      147.286
      144.291
      145.729
      151.355
      145.969
      146.605
      145.936
      149.960
      146.299
      144.739
      148.734
      149.151
      147.748
      151.384
      151.676
      149.456
      144.227
      148.833
      148.845
      151.984
      153.192
      142.772
      149.069
      149.904
      149.098
      145.085
      149.697
      145.228
      148.325
