X-values

      0.00000000
       4.5000000
       9.0000000
       13.500000
       18.000000
       22.500000
       27.000000
       31.500000
       36.000000
       40.500000
       45.000000
       49.500000
       54.000000
       58.500000
       63.000000
       67.500000
       72.000000
       76.500000
       81.000000
       85.500000
       90.000000
       94.500000
       99.000000
       103.50000
       108.00000
       112.50000
       117.00000
       121.50000
       126.00000
       130.50000
       135.00000
       139.50000
       144.00000
       148.50000
       153.00000
       157.50000
       162.00000
       166.50000
       171.00000
       175.50000
       180.00000
       184.50000
       189.00000
       193.50000
       198.00000
       202.50000
       207.00000
       211.50000
       216.00000
       220.50000
       225.00000
       229.50000
       234.00000
       238.50000
       243.00000
       247.50000
       252.00000
       256.50000
       261.00000
       265.50000

Y-values

      57.5668
      58.6460
      57.0898
      54.8302
      59.9573
      58.1738
      59.5626
      61.3195
      62.0009
      56.7568
      61.1675
      58.4434
      57.5202
      68.0907
      104.988
      139.207
      150.788
      148.270
      143.252
      137.813
      129.263
      133.507
      131.874
      126.755
      124.034
      129.357
      130.012
      128.544
      134.348
      139.092
      137.694
      131.697
      131.785
      133.886
      131.417
      130.261
      139.427
      135.733
      140.152
      133.848
      131.451
      130.517
      130.401
      133.167
      129.634
      132.886
      134.111
      133.197
      132.213
      134.290
      122.043
      118.040
      121.480
      123.479
      122.687
      121.728
      118.573
      123.453
      118.572
      122.234
