X-values

      0.00000000
       4.5000000
       9.0000000
       13.500000
       18.000000
       22.500000
       27.000000
       31.500000
       36.000000
       40.500000
       45.000000
       49.500000
       54.000000
       58.500000
       63.000000
       67.500000
       72.000000
       76.500000
       81.000000
       85.500000
       90.000000
       94.500000
       99.000000
       103.50000
       108.00000
       112.50000
       117.00000
       121.50000
       126.00000
       130.50000
       135.00000
       139.50000
       144.00000
       148.50000
       153.00000
       157.50000
       162.00000
       166.50000
       171.00000
       175.50000
       180.00000
       184.50000
       189.00000
       193.50000
       198.00000
       202.50000
       207.00000
       211.50000
       216.00000
       220.50000
       225.00000
       229.50000
       234.00000
       238.50000
       243.00000
       247.50000
       252.00000
       256.50000
       261.00000
       265.50000
       270.00000

Y-values

      31.7143
      28.3929
      27.2143
      31.2500
      29.9286
      26.2143
      26.7500
      25.7500
      28.2857
      30.5714
      27.6071
      27.9286
      127.893
      208.357
      170.679
      76.6786
      71.2143
      104.107
      117.750
      112.536
      109.071
      107.571
      109.250
      105.607
      102.714
      101.750
      97.1071
      98.7857
      93.2500
      94.7857
      95.9643
      92.1071
      85.9286
      91.1786
      89.7857
      90.1429
      84.0357
      88.7143
      89.3571
      87.8929
      85.0000
      83.7857
      84.5357
      82.2143
      80.2143
      81.5357
      76.7500
      80.6071
      80.2143
      80.6429
      70.1429
      68.2143
      69.2500
      68.2857
      67.1071
      67.6071
      66.9286
      66.6071
      62.6786
      69.7143
      69.7143
