X-values

      0.00000000
       4.5000000
       9.0000000
       13.500000
       18.000000
       22.500000
       27.000000
       31.500000
       36.000000
       40.500000
       45.000000
       49.500000
       54.000000
       58.500000
       63.000000
       67.500000
       72.000000
       76.500000
       81.000000
       85.500000
       90.000000
       94.500000
       99.000000
       103.50000
       108.00000
       112.50000
       117.00000
       121.50000
       126.00000
       130.50000
       135.00000
       139.50000
       144.00000
       148.50000
       153.00000
       157.50000
       162.00000
       166.50000
       171.00000
       175.50000
       180.00000
       184.50000
       189.00000
       193.50000
       198.00000
       202.50000
       207.00000
       211.50000
       216.00000
       220.50000
       225.00000
       229.50000
       234.00000
       238.50000
       243.00000
       247.50000
       252.00000
       256.50000
       261.00000
       265.50000

Y-values

      13.9600
      14.1600
      19.4800
      16.2000
      18.2800
      16.7600
      15.5200
      20.2400
      17.4800
      18.2800
      18.7200
      14.2800
      141.440
      144.240
      85.1600
      64.9600
      80.5600
      79.5600
      66.5200
      62.2000
      62.6000
      61.2400
      64.9200
      68.4800
      62.0000
      60.4800
      58.2000
      56.7600
      58.6000
      54.7200
      53.8800
      54.4400
      54.1600
      54.0400
      53.5200
      47.7200
      51.4000
      56.5600
      49.6800
      52.2400
      52.9600
      49.6800
      52.0400
      51.6000
      49.6800
      46.0000
      48.8800
      41.6800
      37.5200
      45.3600
      40.4000
      37.5200
      43.8000
      43.7200
      41.3600
      40.4000
      41.6400
      37.6800
      33.2400
      36.8000
