X-values

      0.00000000
       4.5000000
       9.0000000
       13.500000
       18.000000
       22.500000
       27.000000
       31.500000
       36.000000
       40.500000
       45.000000
       49.500000
       54.000000
       58.500000
       63.000000
       67.500000
       72.000000
       76.500000
       81.000000
       85.500000
       90.000000
       94.500000
       99.000000
       103.50000
       108.00000
       112.50000
       117.00000
       121.50000
       126.00000
       130.50000
       135.00000
       139.50000
       144.00000
       148.50000
       153.00000
       157.50000
       162.00000
       166.50000
       171.00000
       175.50000
       180.00000
       184.50000
       189.00000
       193.50000
       198.00000
       202.50000
       207.00000
       211.50000
       216.00000
       220.50000
       225.00000
       229.50000
       234.00000
       238.50000
       243.00000
       247.50000
       252.00000
       256.50000
       261.00000
       265.50000

Y-values

      74.5684
      74.4043
      82.4347
      67.9832
      81.5286
      77.8991
      79.7612
      74.2395
      74.9518
      77.8733
      79.0216
      75.8900
      81.9874
      76.2287
      93.3994
      112.766
      132.248
      142.526
      138.130
      143.664
      135.369
      148.852
      141.075
      147.418
      142.703
      152.370
      143.806
      150.674
      144.744
      151.507
      157.726
      145.033
      152.880
      148.154
      151.221
      147.348
      145.286
      151.256
      155.095
      144.817
      154.603
      143.827
      147.784
      142.793
      153.947
      141.900
      143.681
      139.171
      144.287
      144.324
      138.156
      139.204
      141.231
      139.477
      135.323
      133.228
      125.780
      140.792
      132.943
      140.161
