X-values

      0.00000000
       4.5000000
       9.0000000
       13.500000
       18.000000
       22.500000
       27.000000
       31.500000
       36.000000
       40.500000
       45.000000
       49.500000
       54.000000
       58.500000
       63.000000
       67.500000
       72.000000
       76.500000
       81.000000
       85.500000
       90.000000
       94.500000
       99.000000
       103.50000
       108.00000
       112.50000
       117.00000
       121.50000
       126.00000
       130.50000
       135.00000
       139.50000
       144.00000
       148.50000
       153.00000
       157.50000
       162.00000
       166.50000
       171.00000
       175.50000
       180.00000
       184.50000
       189.00000
       193.50000
       198.00000
       202.50000
       207.00000
       211.50000
       216.00000
       220.50000
       225.00000
       229.50000
       234.00000
       238.50000
       243.00000
       247.50000
       252.00000
       256.50000

Y-values

      68.5353
      65.8154
      65.2738
      60.3033
      66.7027
      61.8280
      63.9944
      65.5860
      70.9045
      69.6632
      62.3325
      65.4422
      61.1584
      78.3202
      114.140
      134.970
      139.346
      138.015
      132.553
      136.240
      128.745
      131.854
      127.470
      130.564
      125.276
      129.681
      126.754
      130.303
      122.977
      130.274
      127.592
      126.625
      125.617
      128.733
      127.069
      125.037
      128.873
      129.698
      124.511
      126.037
      121.913
      122.239
      127.625
      116.298
      123.836
      112.296
      122.437
      119.717
      126.056
      116.010
      116.908
      111.269
      117.342
      116.295
      118.546
      112.816
      115.651
      121.239
