X-values

      0.00000000
       4.5000000
       9.0000000
       13.500000
       18.000000
       22.500000
       27.000000
       31.500000
       36.000000
       40.500000
       45.000000
       49.500000
       54.000000
       58.500000
       63.000000
       67.500000
       72.000000
       76.500000
       81.000000
       85.500000
       90.000000
       94.500000
       99.000000
       103.50000
       108.00000
       112.50000
       117.00000
       121.50000
       126.00000
       130.50000
       135.00000
       139.50000
       144.00000
       148.50000
       153.00000
       157.50000
       162.00000
       166.50000
       171.00000
       175.50000
       180.00000
       184.50000
       189.00000
       193.50000
       198.00000
       202.50000
       207.00000
       211.50000
       216.00000
       220.50000
       225.00000
       229.50000
       234.00000
       238.50000
       243.00000
       247.50000
       252.00000
       256.50000
       261.00000
       265.50000

Y-values

      23.9412
      28.8824
      24.7059
      31.0588
      26.0588
      17.2941
      28.2353
      28.2941
      27.9412
      33.0000
      24.0000
      27.2941
      27.2353
      233.765
      306.294
      218.412
      139.412
      129.059
      164.353
      158.000
      126.941
      103.235
      117.118
      126.765
      127.588
      124.118
      128.059
      112.941
      126.588
      120.176
      104.588
      113.941
      109.294
      117.824
      105.647
      103.529
      115.118
      107.471
      106.824
      100.176
      112.588
      106.118
      100.882
      112.000
      96.7059
      103.471
      90.8235
      90.5294
      99.1765
      98.8824
      84.7647
      80.1176
      81.2941
      69.8235
      70.8235
      74.8824
      76.9412
      79.7059
      70.1176
      68.3529
