X-values

      0.00000000
       4.5000000
       9.0000000
       13.500000
       18.000000
       22.500000
       27.000000
       31.500000
       36.000000
       40.500000
       45.000000
       49.500000
       54.000000
       58.500000
       63.000000
       67.500000
       72.000000
       76.500000
       81.000000
       85.500000
       90.000000
       94.500000
       99.000000
       103.50000
       108.00000
       112.50000
       117.00000
       121.50000
       126.00000
       130.50000
       135.00000
       139.50000
       144.00000
       148.50000
       153.00000
       157.50000
       162.00000
       166.50000
       171.00000
       175.50000
       180.00000
       184.50000
       189.00000
       193.50000
       198.00000
       202.50000
       207.00000
       211.50000
       216.00000
       220.50000
       225.00000
       229.50000
       234.00000
       238.50000
       243.00000
       247.50000
       252.00000
       256.50000
       261.00000
       265.50000

Y-values

      20.7143
      13.8571
      13.2857
      16.6571
      13.7429
      12.6857
      12.8571
      11.0571
      10.8000
      16.0857
      9.65714
      15.6286
      14.4286
      115.286
      185.143
      129.200
      67.7143
      40.8857
      50.8286
      76.9429
      78.1143
      75.7143
      66.1714
      71.0286
      71.3143
      72.7143
      69.9143
      68.4857
      67.8571
      68.0571
      65.3714
      65.9714
      66.8857
      61.2857
      61.8857
      55.4286
      57.8286
      52.7714
      61.7429
      49.6571
      58.2286
      52.6286
      58.0286
      53.5143
      49.5429
      52.8000
      46.4571
      48.7714
      47.8000
      49.2286
      32.2000
      32.5714
      29.4286
      32.6000
      33.8857
      28.2286
      34.0286
      33.4286
      30.1429
      33.3143
