X-values

      0.00000000
       4.5000000
       9.0000000
       13.500000
       18.000000
       22.500000
       27.000000
       31.500000
       36.000000
       40.500000
       45.000000
       49.500000
       54.000000
       58.500000
       63.000000
       67.500000
       72.000000
       76.500000
       81.000000
       85.500000
       90.000000
       94.500000
       99.000000
       103.50000
       108.00000
       112.50000
       117.00000
       121.50000
       126.00000
       130.50000
       135.00000
       139.50000
       144.00000
       148.50000
       153.00000
       157.50000
       162.00000
       166.50000
       171.00000
       175.50000
       180.00000
       184.50000
       189.00000
       193.50000
       198.00000
       202.50000
       207.00000
       211.50000
       216.00000
       220.50000
       225.00000
       229.50000
       234.00000
       238.50000
       243.00000
       247.50000
       252.00000
       256.50000
       261.00000
       265.50000

Y-values

      52.6097
      51.8433
      56.5645
      55.6491
      49.8617
      46.9481
      53.9950
      49.2800
      50.9122
      53.6736
      54.7261
      48.9921
      52.7319
      73.1476
      106.754
      110.715
      106.165
      102.839
      108.178
      107.336
      106.320
      112.896
      107.445
      101.102
      107.889
      104.872
      109.196
      107.695
      100.925
      100.981
      106.992
      109.610
      104.258
      98.3288
      105.813
      104.980
      102.354
      101.862
      98.2541
      98.3705
      101.574
      107.084
      105.286
      108.624
      108.701
      104.742
      101.970
      101.892
      109.610
      108.793
      106.272
      113.664
      111.020
      107.638
      111.728
      113.599
      101.414
      106.288
      112.698
      111.631
