X-values

      0.00000000
       4.5000000
       9.0000000
       13.500000
       18.000000
       22.500000
       27.000000
       31.500000
       36.000000
       40.500000
       45.000000
       49.500000
       54.000000
       58.500000
       63.000000
       67.500000
       72.000000
       76.500000
       81.000000
       85.500000
       90.000000
       94.500000
       99.000000
       103.50000
       108.00000
       112.50000
       117.00000
       121.50000
       126.00000
       130.50000
       135.00000
       139.50000
       144.00000
       148.50000
       153.00000
       157.50000
       162.00000
       166.50000
       171.00000
       175.50000
       180.00000
       184.50000
       189.00000
       193.50000
       198.00000
       202.50000
       207.00000
       211.50000
       216.00000
       220.50000
       225.00000
       229.50000
       234.00000
       238.50000
       243.00000
       247.50000
       252.00000
       256.50000
       261.00000
       265.50000

Y-values

      18.9630
      21.1852
      19.2778
      15.9259
      22.7037
      21.8333
      21.1852
      22.1481
      20.0926
      18.4074
      19.0185
      19.8333
      56.2778
      197.148
      162.074
      87.6111
      80.9259
      96.2778
      85.7037
      84.1852
      94.2593
      91.1852
      86.2593
      89.2037
      84.6481
      84.2037
      78.4074
      76.4630
      79.4444
      78.6296
      78.3333
      71.7963
      74.7222
      76.8889
      68.6852
      73.3333
      69.2407
      67.6111
      67.6667
      74.2037
      64.7778
      63.8889
      68.4074
      62.2593
      62.5370
      67.1852
      66.1852
      64.7593
      66.8889
      61.7963
      51.8333
      54.8519
      51.4815
      55.5741
      50.4815
      53.3704
      54.6481
      51.5185
      53.8519
      56.3519
