X-values

      0.00000000
       4.5000000
       9.0000000
       13.500000
       18.000000
       22.500000
       27.000000
       31.500000
       36.000000
       40.500000
       45.000000
       49.500000
       54.000000
       58.500000
       63.000000
       67.500000
       72.000000
       76.500000
       81.000000
       85.500000
       90.000000
       94.500000
       99.000000
       103.50000
       108.00000
       112.50000
       117.00000
       121.50000
       126.00000
       130.50000
       135.00000
       139.50000
       144.00000
       148.50000
       153.00000
       157.50000
       162.00000
       166.50000
       171.00000
       175.50000
       180.00000
       184.50000
       189.00000
       193.50000
       198.00000
       202.50000
       207.00000
       211.50000
       216.00000
       220.50000
       225.00000
       229.50000
       234.00000
       238.50000
       243.00000
       247.50000
       252.00000

Y-values

      63.7487
      66.9257
      75.8679
      60.9521
      69.8088
      72.7256
      61.4450
      65.2875
      74.9886
      64.5692
      77.0089
      64.2239
      76.8776
      82.1793
      96.4174
      135.329
      141.641
      148.215
      161.192
      123.356
      141.126
      136.917
      127.752
      135.724
      133.321
      136.454
      145.253
      129.767
      159.500
      140.262
      141.421
      141.961
      160.466
      141.514
      143.817
      150.427
      158.638
      162.537
      148.218
      154.333
      145.923
      170.092
      140.990
      151.519
      151.030
      150.819
      149.276
      149.438
      145.378
      145.230
      148.551
      155.459
      148.674
      139.254
      149.575
      164.235
      142.812
