X-values

      0.00000000
       4.5000000
       9.0000000
       13.500000
       18.000000
       22.500000
       27.000000
       31.500000
       36.000000
       40.500000
       45.000000
       49.500000
       54.000000
       58.500000
       63.000000
       67.500000
       72.000000
       76.500000
       81.000000
       85.500000
       90.000000
       94.500000
       99.000000
       103.50000
       108.00000
       112.50000
       117.00000
       121.50000
       126.00000
       130.50000
       135.00000
       139.50000
       144.00000
       148.50000
       153.00000
       157.50000
       162.00000
       166.50000
       171.00000
       175.50000
       180.00000
       184.50000
       189.00000
       193.50000
       198.00000
       202.50000
       207.00000
       211.50000
       216.00000
       220.50000
       225.00000
       229.50000
       234.00000
       238.50000
       243.00000

Y-values

      35.6820
      36.6888
      38.4737
      39.7548
      36.8942
      34.9987
      37.0636
      36.2370
      35.3541
      38.8297
      44.1993
      37.5412
      39.2775
      59.7603
      91.0167
      105.812
      106.451
      101.762
      94.8285
      93.3407
      91.2252
      89.4590
      89.9096
      87.7474
      90.0069
      87.9695
      87.4288
      86.0722
      89.7722
      86.6802
      88.9698
      90.1862
      87.8295
      90.4453
      89.4841
      90.8666
      87.4527
      91.0984
      90.8590
      88.1128
      87.4749
      90.0712
      88.0369
      87.7306
      91.4157
      90.7305
      88.6709
      80.8183
      79.9400
      79.4395
      80.9245
      77.3906
      78.6994
      79.0573
      83.3038
