X-values

      0.00000000
       4.5000000
       9.0000000
       13.500000
       18.000000
       22.500000
       27.000000
       31.500000
       36.000000
       40.500000
       45.000000
       49.500000
       54.000000
       58.500000
       63.000000
       67.500000
       72.000000
       76.500000
       81.000000
       85.500000
       90.000000
       94.500000
       99.000000
       103.50000
       108.00000
       112.50000
       117.00000
       121.50000
       126.00000
       130.50000
       135.00000
       139.50000
       144.00000
       148.50000
       153.00000
       157.50000
       162.00000
       166.50000
       171.00000
       175.50000
       180.00000
       184.50000
       189.00000
       193.50000
       198.00000
       202.50000
       207.00000
       211.50000
       216.00000
       220.50000
       225.00000
       229.50000
       234.00000
       238.50000
       243.00000
       247.50000
       252.00000

Y-values

      24.3333
      25.2083
      30.4167
      23.5417
      26.0417
      22.9583
      25.0000
      28.2917
      20.1667
      21.1667
      21.1667
      24.1667
      24.7083
      211.000
      266.250
      237.875
      191.542
      130.333
      101.458
      95.2917
      105.375
      132.292
      123.167
      127.333
      135.167
      124.083
      121.000
      122.917
      122.500
      126.667
      111.625
      117.000
      107.375
      111.042
      105.375
      105.792
      113.708
      91.9167
      88.4583
      88.4167
      88.2500
      86.6250
      91.0417
      89.0000
      84.3333
      87.0000
      80.6667
      64.1250
      64.0000
      65.0417
      65.9583
      63.3333
      55.7083
      63.8333
      55.6250
      56.5000
      54.8333
