X-values

      0.00000000
       4.5000000
       9.0000000
       13.500000
       18.000000
       22.500000
       27.000000
       31.500000
       36.000000
       40.500000
       45.000000
       49.500000
       54.000000
       58.500000
       63.000000
       67.500000
       72.000000
       76.500000
       81.000000
       85.500000
       90.000000
       94.500000
       99.000000
       103.50000
       108.00000
       112.50000
       117.00000
       121.50000
       126.00000
       130.50000
       135.00000
       139.50000
       144.00000
       148.50000
       153.00000
       157.50000
       162.00000
       166.50000
       171.00000
       175.50000
       180.00000
       184.50000
       189.00000
       193.50000
       198.00000
       202.50000
       207.00000
       211.50000
       216.00000
       220.50000
       225.00000
       229.50000
       234.00000
       238.50000
       243.00000
       247.50000
       252.00000
       256.50000

Y-values

      138.072
      165.120
      142.366
      151.747
      176.690
      166.451
      125.784
      134.689
      127.590
      138.589
      157.712
      150.921
      130.428
      211.460
      339.527
      428.492
      402.860
      386.098
      377.097
      396.044
      399.259
      389.994
      387.843
      352.488
      374.606
      347.191
      376.320
      374.340
      358.097
      354.444
      348.036
      364.668
      363.611
      369.267
      376.001
      372.512
      346.352
      357.697
      379.298
      380.490
      339.368
      353.620
      369.116
      366.760
      377.587
      349.391
      377.238
      352.300
      355.103
      359.435
      359.953
      388.231
      357.140
      391.542
      361.053
      355.971
      343.277
      345.796
