X-values

      0.00000000
       4.5000000
       9.0000000
       13.500000
       18.000000
       22.500000
       27.000000
       31.500000
       36.000000
       40.500000
       45.000000
       49.500000
       54.000000
       58.500000
       63.000000
       67.500000
       72.000000
       76.500000
       81.000000
       85.500000
       90.000000
       94.500000
       99.000000
       103.50000
       108.00000
       112.50000
       117.00000
       121.50000
       126.00000
       130.50000
       135.00000
       139.50000
       144.00000
       148.50000
       153.00000
       157.50000
       162.00000
       166.50000
       171.00000
       175.50000
       180.00000
       184.50000
       189.00000
       193.50000
       198.00000
       202.50000
       207.00000
       211.50000
       216.00000

Y-values

      41.0560
      40.6648
      37.8810
      40.1332
      46.3544
      39.5761
      38.4742
      41.6219
      37.6129
      51.1747
      44.9606
      47.6928
      48.3273
      63.0733
      80.9145
      86.5988
      79.2102
      79.6448
      80.5261
      77.6598
      81.6590
      80.7641
      77.2924
      82.3923
      81.1366
      80.5814
      85.9181
      86.6093
      83.0890
      83.4775
      83.2846
      84.8421
      84.9442
      87.2642
      86.3885
      86.8067
      86.2407
      88.3368
      90.2932
      89.0479
      90.8828
      90.6572
      88.5398
      87.9173
      84.9205
      87.0086
      87.4554
      92.1334
      89.1433
