X-values

      0.00000000
       4.5000000
       9.0000000
       13.500000
       18.000000
       22.500000
       27.000000
       31.500000
       36.000000
       40.500000
       45.000000
       49.500000
       54.000000
       58.500000
       63.000000
       67.500000
       72.000000
       76.500000
       81.000000
       85.500000
       90.000000
       94.500000
       99.000000
       103.50000
       108.00000
       112.50000
       117.00000
       121.50000
       126.00000
       130.50000
       135.00000
       139.50000
       144.00000
       148.50000
       153.00000
       157.50000
       162.00000
       166.50000
       171.00000
       175.50000
       180.00000
       184.50000
       189.00000
       193.50000
       198.00000
       202.50000
       207.00000
       211.50000
       216.00000
       220.50000

Y-values

      59.4424
      57.3415
      63.0734
      65.2910
      74.1853
      72.8244
      63.4719
      66.6178
      74.3990
      57.2701
      67.1156
      66.9377
      64.1639
      68.9098
      71.9227
      93.7405
      86.8722
      105.527
      104.232
      95.6788
      108.577
      101.573
      91.7070
      107.611
      106.987
      101.837
      93.4554
      105.997
      105.215
      100.794
      98.7103
      109.387
      106.581
      108.533
      109.329
      108.505
      105.399
      101.622
      104.381
      109.495
      105.410
      106.448
      106.755
      111.255
      103.719
      115.578
      114.902
      111.873
      106.478
      113.694
