X-values

      0.00000000
       4.5000000
       9.0000000
       13.500000
       18.000000
       22.500000
       27.000000
       31.500000
       36.000000
       40.500000
       45.000000
       49.500000
       54.000000
       58.500000
       63.000000
       67.500000
       72.000000
       76.500000
       81.000000
       85.500000
       90.000000
       94.500000
       99.000000
       103.50000
       108.00000
       112.50000
       117.00000
       121.50000
       126.00000
       130.50000
       135.00000
       139.50000
       144.00000
       148.50000
       153.00000
       157.50000
       162.00000
       166.50000
       171.00000
       175.50000
       180.00000
       184.50000
       189.00000
       193.50000
       198.00000
       202.50000
       207.00000
       211.50000
       216.00000
       220.50000
       225.00000
       229.50000

Y-values

      40.1891
      37.3868
      36.8532
      38.0180
      35.1055
      36.5416
      36.4590
      38.5249
      34.0619
      35.4943
      35.2041
      37.6284
      38.7039
      38.5267
      42.1337
      61.2488
      73.9300
      73.0289
      72.8835
      76.4093
      75.3457
      76.3184
      74.9064
      69.8148
      72.7825
      72.7356
      79.1110
      75.9672
      80.0236
      73.0529
      77.6898
      76.5535
      72.6033
      75.5526
      72.8329
      73.6653
      78.5376
      73.7473
      74.6195
      76.6407
      77.6493
      76.7959
      76.2034
      63.4434
      59.6658
      59.0192
      57.8074
      59.7928
      55.9383
      55.5300
      57.4022
      56.9410
