X-values

      0.00000000
       4.5000000
       9.0000000
       13.500000
       18.000000
       22.500000
       27.000000
       31.500000
       36.000000
       40.500000
       45.000000
       49.500000
       54.000000
       58.500000
       63.000000
       67.500000
       72.000000
       76.500000
       81.000000
       85.500000
       90.000000
       94.500000
       99.000000
       103.50000
       108.00000
       112.50000
       117.00000
       121.50000
       126.00000
       130.50000
       135.00000
       139.50000
       144.00000
       148.50000
       153.00000
       157.50000
       162.00000
       166.50000
       171.00000
       175.50000
       180.00000
       184.50000
       189.00000
       193.50000
       198.00000
       202.50000
       207.00000
       211.50000
       216.00000
       220.50000
       225.00000
       229.50000
       234.00000
       238.50000
       243.00000
       247.50000
       252.00000
       256.50000
       261.00000
       265.50000

Y-values

      94.4228
      86.1706
      88.3320
      91.9771
      88.1241
      92.0179
      91.2442
      92.3689
      85.9720
      86.1867
      88.0666
      84.1090
      95.8500
      138.403
      179.121
      191.061
      168.441
      165.892
      167.932
      173.267
      173.604
      166.044
      169.619
      168.547
      169.485
      179.255
      185.007
      180.152
      177.794
      185.573
      184.873
      189.462
      185.616
      186.723
      179.130
      188.509
      183.090
      192.140
      188.959
      182.049
      181.316
      179.957
      177.809
      179.792
      179.555
      179.462
      181.898
      180.740
      173.349
      161.258
      165.462
      167.766
      168.062
      162.778
      161.584
      162.156
      158.352
      155.078
      168.195
      168.195
