X-values

      0.00000000
       4.5000000
       9.0000000
       13.500000
       18.000000
       22.500000
       27.000000
       31.500000
       36.000000
       40.500000
       45.000000
       49.500000
       54.000000
       58.500000
       63.000000
       67.500000
       72.000000
       76.500000
       81.000000
       85.500000
       90.000000
       94.500000
       99.000000
       103.50000
       108.00000
       112.50000
       117.00000
       121.50000
       126.00000
       130.50000
       135.00000
       139.50000
       144.00000
       148.50000
       153.00000
       157.50000
       162.00000
       166.50000
       171.00000
       175.50000
       180.00000
       184.50000
       189.00000
       193.50000
       198.00000
       202.50000
       207.00000
       211.50000
       216.00000
       220.50000
       225.00000
       229.50000
       234.00000
       238.50000
       243.00000
       247.50000
       252.00000
       256.50000

Y-values

      62.5882
      85.5588
      110.706
      92.9412
      78.0588
      65.6765
      74.2647
      94.7353
      79.3824
      92.3824
      100.971
      79.1471
      172.765
      1106.09
      1161.68
      732.324
      491.853
      472.265
      521.353
      527.824
      497.794
      445.471
      466.206
      505.382
      526.324
      495.176
      456.912
      418.618
      432.588
      426.176
      409.647
      415.618
      450.176
      434.559
      420.676
      390.853
      381.000
      396.618
      386.412
      373.471
      376.853
      393.912
      364.912
      352.882
      352.029
      386.471
      362.706
      361.441
      300.265
      290.853
      302.559
      281.794
      297.647
      258.353
      285.912
      302.794
      295.676
      290.735
