X-values

      0.00000000
       4.5000000
       9.0000000
       13.500000
       18.000000
       22.500000
       27.000000
       31.500000
       36.000000
       40.500000
       45.000000
       49.500000
       54.000000
       58.500000
       63.000000
       67.500000
       72.000000
       76.500000
       81.000000
       85.500000
       90.000000
       94.500000
       99.000000
       103.50000
       108.00000
       112.50000
       117.00000
       121.50000
       126.00000
       130.50000
       135.00000
       139.50000
       144.00000
       148.50000
       153.00000
       157.50000
       162.00000
       166.50000
       171.00000
       175.50000
       180.00000
       184.50000
       189.00000
       193.50000
       198.00000
       202.50000
       207.00000
       211.50000
       216.00000
       220.50000
       225.00000
       229.50000
       234.00000
       238.50000
       243.00000
       247.50000
       252.00000
       256.50000
       261.00000
       265.50000

Y-values

      16.1837
      16.5102
      14.9388
      21.0000
      15.5714
      19.3469
      13.1020
      18.1020
      19.7143
      18.6327
      18.6939
      18.6939
      100.143
      178.204
      143.041
      83.9388
      60.4490
      87.4898
      82.9796
      78.1429
      67.2653
      65.4490
      73.0408
      73.4694
      78.5306
      74.6122
      74.1020
      72.2041
      68.9184
      65.2653
      68.6939
      59.8163
      57.9184
      63.7755
      58.0000
      64.8367
      60.4286
      64.8775
      61.2449
      57.0000
      57.7959
      57.3265
      53.6939
      56.4694
      63.6327
      54.4694
      62.7347
      57.5714
      58.0408
      51.9796
      54.7347
      60.3061
      52.0000
      54.8980
      53.6735
      53.1020
      53.1020
      59.2653
      52.6939
      52.6939
