X-values

      0.00000000
       4.5000000
       9.0000000
       13.500000
       18.000000
       22.500000
       27.000000
       31.500000
       36.000000
       40.500000
       45.000000
       49.500000
       54.000000
       58.500000
       63.000000
       67.500000
       72.000000
       76.500000
       81.000000
       85.500000
       90.000000
       94.500000
       99.000000
       103.50000
       108.00000
       112.50000
       117.00000
       121.50000
       126.00000
       130.50000
       135.00000
       139.50000
       144.00000
       148.50000
       153.00000
       157.50000
       162.00000
       166.50000
       171.00000
       175.50000
       180.00000
       184.50000
       189.00000
       193.50000
       198.00000
       202.50000
       207.00000
       211.50000
       216.00000
       220.50000
       225.00000
       229.50000
       234.00000
       238.50000
       243.00000
       247.50000
       252.00000
       256.50000
       261.00000
       265.50000

Y-values

      13.7778
      13.8889
      15.6349
      14.9524
      13.5714
      15.9683
      16.2857
      17.8571
      11.8730
      15.5238
      15.7619
      13.9206
      15.9048
      17.2063
      25.0635
      85.6032
      131.000
      125.762
      106.841
      82.8889
      70.8571
      70.5397
      74.3968
      68.8571
      68.3016
      63.7143
      69.3810
      63.1111
      67.4286
      64.1270
      65.1905
      67.9524
      63.1429
      62.3810
      62.3651
      62.4603
      63.4127
      62.1111
      58.4603
      59.8571
      59.1270
      56.6825
      59.0635
      63.7302
      60.9365
      53.4127
      57.8571
      53.1905
      62.5873
      53.3333
      49.9683
      48.1905
      49.5238
      49.6032
      43.0476
      52.8730
      47.7778
      50.9524
      46.5556
      49.1111
