X-values

      0.00000000
       4.5000000
       9.0000000
       13.500000
       18.000000
       22.500000
       27.000000
       31.500000
       36.000000
       40.500000
       45.000000
       49.500000
       54.000000
       58.500000
       63.000000
       67.500000
       72.000000
       76.500000
       81.000000
       85.500000
       90.000000
       94.500000
       99.000000
       103.50000
       108.00000
       112.50000
       117.00000
       121.50000
       126.00000
       130.50000
       135.00000
       139.50000
       144.00000
       148.50000
       153.00000
       157.50000
       162.00000
       166.50000
       171.00000
       175.50000
       180.00000
       184.50000
       189.00000
       193.50000
       198.00000
       202.50000
       207.00000
       211.50000
       216.00000
       220.50000
       225.00000
       229.50000
       234.00000
       238.50000
       243.00000

Y-values

      90.6527
      100.398
      93.0480
      78.7199
      81.6257
      82.8430
      93.9715
      86.6933
      86.8338
      94.2313
      92.3204
      82.5091
      84.7818
      84.7400
      94.2427
      106.198
      113.928
      131.049
      142.506
      157.501
      168.731
      171.841
      179.299
      181.741
      178.343
      186.638
      186.411
      186.387
      182.781
      188.976
      190.018
      189.489
      187.441
      196.897
      189.580
      194.024
      188.779
      190.199
      200.011
      206.377
      197.809
      207.314
      207.910
      204.166
      208.207
      187.386
      189.202
      192.695
      170.229
      192.548
      196.379
      192.901
      189.898
      185.852
      184.448
