X-values

      0.00000000
       4.5000000
       9.0000000
       13.500000
       18.000000
       22.500000
       27.000000
       31.500000
       36.000000
       40.500000
       45.000000
       49.500000
       54.000000
       58.500000
       63.000000
       67.500000
       72.000000
       76.500000
       81.000000
       85.500000
       90.000000
       94.500000
       99.000000
       103.50000
       108.00000
       112.50000
       117.00000
       121.50000
       126.00000
       130.50000
       135.00000
       139.50000
       144.00000
       148.50000
       153.00000
       157.50000
       162.00000
       166.50000
       171.00000
       175.50000
       180.00000
       184.50000
       189.00000
       193.50000
       198.00000
       202.50000
       207.00000
       211.50000
       216.00000
       220.50000
       225.00000
       229.50000

Y-values

      41.1936
      51.5932
      39.3339
      32.8725
      42.0169
      30.1695
      27.1054
      37.7312
      32.7353
      27.5305
      29.5942
      35.6658
      29.7481
      42.7044
      39.0847
      49.7549
      64.5244
      65.7430
      61.7854
      61.1834
      63.9702
      65.9122
      65.2136
      62.2770
      59.3200
      64.8359
      58.0207
      63.5454
      64.1017
      69.9539
      65.7573
      64.6566
      63.8644
      65.9251
      64.7275
      71.1871
      70.3088
      61.5844
      71.2685
      70.8566
      72.3583
      62.0383
      65.5261
      48.7203
      56.0824
      49.9068
      43.6919
      51.5875
      47.6610
      49.5885
      51.1559
      48.5298
