X-values

      0.00000000
       4.5000000
       9.0000000
       13.500000
       18.000000
       22.500000
       27.000000
       31.500000
       36.000000
       40.500000
       45.000000
       49.500000
       54.000000
       58.500000
       63.000000
       67.500000
       72.000000
       76.500000
       81.000000
       85.500000
       90.000000
       94.500000
       99.000000
       103.50000
       108.00000
       112.50000
       117.00000
       121.50000
       126.00000
       130.50000
       135.00000
       139.50000
       144.00000
       148.50000
       153.00000
       157.50000
       162.00000
       166.50000
       171.00000
       175.50000
       180.00000
       184.50000
       189.00000
       193.50000
       198.00000
       202.50000
       207.00000
       211.50000
       216.00000
       220.50000
       225.00000
       229.50000
       234.00000
       238.50000
       243.00000
       247.50000
       252.00000
       256.50000
       261.00000
       265.50000

Y-values

      51.5719
      51.6281
      53.1036
      49.7283
      46.2874
      48.8708
      54.2830
      50.2987
      53.2199
      51.2669
      49.0433
      49.4086
      50.5704
      68.9133
      104.353
      117.783
      115.864
      110.353
      109.516
      103.181
      105.441
      109.755
      108.508
      106.606
      111.689
      108.219
      106.868
      109.641
      106.705
      104.941
      109.026
      110.271
      106.615
      105.138
      112.524
      107.848
      109.010
      111.396
      103.085
      108.166
      108.117
      107.228
      108.016
      108.638
      108.806
      108.658
      109.680
      107.867
      112.191
      108.461
      108.586
      106.705
      108.486
      101.632
      104.158
      104.092
      104.503
      108.660
      104.630
      107.342
