X-values

      0.00000000
       4.5000000
       9.0000000
       13.500000
       18.000000
       22.500000
       27.000000
       31.500000
       36.000000
       40.500000
       45.000000
       49.500000
       54.000000
       58.500000
       63.000000
       67.500000
       72.000000
       76.500000
       81.000000
       85.500000
       90.000000
       94.500000
       99.000000
       103.50000
       108.00000
       112.50000
       117.00000
       121.50000
       126.00000
       130.50000
       135.00000
       139.50000
       144.00000
       148.50000
       153.00000
       157.50000
       162.00000
       166.50000
       171.00000
       175.50000
       180.00000
       184.50000
       189.00000
       193.50000
       198.00000
       202.50000
       207.00000
       211.50000
       216.00000
       220.50000
       225.00000
       229.50000
       234.00000
       238.50000
       243.00000
       247.50000
       252.00000

Y-values

      63.6364
      57.7273
      51.0000
      49.4545
      40.3636
      48.9091
      48.9091
      48.4545
      48.3636
      57.0909
      55.4545
      250.818
      262.636
      164.273
      172.909
      164.273
      151.545
      147.182
      147.636
      147.364
      156.091
      155.727
      151.182
      140.182
      151.000
      145.091
      148.000
      135.091
      143.455
      131.364
      130.545
      146.273
      132.455
      130.091
      128.818
      133.545
      130.455
      119.273
      131.545
      120.000
      129.818
      128.636
      122.818
      129.636
      124.818
      112.545
      118.182
      121.364
      102.727
      116.818
      111.545
      105.091
      99.8182
      112.000
      105.182
      108.818
      111.000
