X-values

      0.00000000
       4.5000000
       9.0000000
       13.500000
       18.000000
       22.500000
       27.000000
       31.500000
       36.000000
       40.500000
       45.000000
       49.500000
       54.000000
       58.500000
       63.000000
       67.500000
       72.000000
       76.500000
       81.000000
       85.500000
       90.000000
       94.500000
       99.000000
       103.50000
       108.00000
       112.50000
       117.00000
       121.50000
       126.00000
       130.50000
       135.00000
       139.50000
       144.00000
       148.50000
       153.00000
       157.50000
       162.00000
       166.50000
       171.00000
       175.50000
       180.00000
       184.50000
       189.00000
       193.50000
       198.00000
       202.50000
       207.00000
       211.50000
       216.00000
       220.50000
       225.00000
       229.50000
       234.00000
       238.50000
       243.00000

Y-values

      15.2987
      16.5195
      16.2338
      17.4156
      17.9740
      15.9091
      16.5195
      14.7532
      15.1558
      16.3636
      16.2727
      18.8052
      49.9481
      127.909
      154.844
      142.442
      111.714
      71.9610
      56.9740
      60.1558
      70.9610
      75.5065
      77.5065
      69.2338
      66.6623
      68.5325
      71.5714
      72.8052
      71.8182
      72.3766
      71.4286
      75.2597
      72.0779
      71.5195
      66.8052
      66.8182
      65.1299
      63.5065
      62.2727
      66.4156
      63.7792
      59.1818
      61.3247
      59.7273
      59.7662
      60.2468
      59.2078
      49.2987
      47.8831
      49.8052
      49.3377
      50.7143
      47.3117
      45.9610
      47.7143
