X-values

      0.00000000
       4.5000000
       9.0000000
       13.500000
       18.000000
       22.500000
       27.000000
       31.500000
       36.000000
       40.500000
       45.000000
       49.500000
       54.000000
       58.500000
       63.000000
       67.500000
       72.000000
       76.500000
       81.000000
       85.500000
       90.000000
       94.500000
       99.000000
       103.50000
       108.00000
       112.50000
       117.00000
       121.50000
       126.00000
       130.50000
       135.00000
       139.50000
       144.00000
       148.50000
       153.00000
       157.50000
       162.00000
       166.50000
       171.00000
       175.50000
       180.00000
       184.50000
       189.00000
       193.50000
       198.00000
       202.50000
       207.00000
       211.50000
       216.00000
       220.50000
       225.00000
       229.50000

Y-values

      14.0741
      17.8148
      16.8519
      13.6296
      11.8519
      14.6667
      15.2222
      13.0000
      13.1852
      15.4815
      15.3333
      15.7037
      17.7037
      58.4815
      166.370
      173.630
      108.519
      93.7778
      92.5926
      99.2222
      94.7778
      88.0741
      84.2222
      82.8519
      82.9630
      82.8889
      83.0370
      83.7407
      82.2593
      78.9630
      82.4444
      79.0370
      78.6667
      74.2963
      76.1481
      69.4815
      74.0000
      72.0000
      69.5556
      69.1852
      69.5185
      68.3333
      69.2593
      42.0741
      43.2593
      39.0370
      39.4815
      42.3704
      39.9630
      41.2593
      41.1852
      38.8519
