X-values

      0.00000000
       4.5000000
       9.0000000
       13.500000
       18.000000
       22.500000
       27.000000
       31.500000
       36.000000
       40.500000
       45.000000
       49.500000
       54.000000
       58.500000
       63.000000
       67.500000
       72.000000
       76.500000
       81.000000
       85.500000
       90.000000
       94.500000
       99.000000
       103.50000
       108.00000
       112.50000
       117.00000
       121.50000
       126.00000
       130.50000
       135.00000
       139.50000
       144.00000
       148.50000
       153.00000
       157.50000
       162.00000
       166.50000
       171.00000
       175.50000
       180.00000
       184.50000
       189.00000
       193.50000
       198.00000
       202.50000
       207.00000
       211.50000
       216.00000
       220.50000
       225.00000
       229.50000
       234.00000
       238.50000
       243.00000
       247.50000
       252.00000
       256.50000
       261.00000
       265.50000

Y-values

      65.8939
      67.0313
      77.7374
      76.5716
      67.5841
      73.4605
      66.4781
      77.5257
      77.8685
      65.3912
      74.1432
      67.7140
      74.3800
      84.2042
      114.667
      135.014
      115.841
      120.762
      121.046
      120.544
      128.855
      124.579
      131.327
      125.089
      128.911
      125.462
      120.296
      122.130
      125.904
      130.624
      128.370
      125.349
      118.080
      129.609
      126.055
      127.924
      126.842
      120.552
      128.711
      125.478
      125.881
      128.438
      122.365
      128.319
      137.290
      113.302
      127.339
      124.410
      116.976
      125.784
      121.432
      121.031
      125.003
      118.224
      118.402
      108.049
      121.380
      125.646
      124.864
      124.864
