X-values

      0.00000000
       4.5000000
       9.0000000
       13.500000
       18.000000
       22.500000
       27.000000
       31.500000
       36.000000
       40.500000
       45.000000
       49.500000
       54.000000
       58.500000
       63.000000
       67.500000
       72.000000
       76.500000
       81.000000
       85.500000
       90.000000
       94.500000
       99.000000
       103.50000
       108.00000
       112.50000
       117.00000
       121.50000
       126.00000
       130.50000
       135.00000
       139.50000
       144.00000
       148.50000
       153.00000
       157.50000
       162.00000
       166.50000
       171.00000
       175.50000
       180.00000
       184.50000
       189.00000
       193.50000
       198.00000
       202.50000
       207.00000
       211.50000
       216.00000
       220.50000
       225.00000
       229.50000
       234.00000
       238.50000
       243.00000

Y-values

      150.336
      147.010
      136.370
      138.606
      144.585
      137.161
      140.130
      150.332
      154.310
      158.436
      154.185
      176.203
      199.269
      206.227
      218.237
      218.285
      230.778
      230.642
      222.953
      225.814
      217.568
      224.035
      232.536
      224.568
      225.943
      226.581
      211.073
      229.163
      225.301
      228.305
      225.996
      233.829
      242.801
      223.004
      218.525
      224.464
      229.473
      231.231
      222.476
      213.820
      221.677
      222.954
      219.157
      223.740
      219.006
      209.767
      220.370
      200.307
      213.593
      211.179
      215.815
      206.582
      212.739
      206.723
      214.359
