X-values

      0.00000000
       4.5000000
       9.0000000
       13.500000
       18.000000
       22.500000
       27.000000
       31.500000
       36.000000
       40.500000
       45.000000
       49.500000
       54.000000
       58.500000
       63.000000
       67.500000
       72.000000
       76.500000
       81.000000
       85.500000
       90.000000
       94.500000
       99.000000
       103.50000
       108.00000
       112.50000
       117.00000
       121.50000
       126.00000
       130.50000
       135.00000
       139.50000
       144.00000
       148.50000
       153.00000
       157.50000
       162.00000
       166.50000
       171.00000
       175.50000
       180.00000
       184.50000
       189.00000
       193.50000
       198.00000
       202.50000
       207.00000
       211.50000
       216.00000
       220.50000
       225.00000
       229.50000
       234.00000
       238.50000
       243.00000
       247.50000

Y-values

      23.0652
      20.6739
      19.9565
      20.8043
      19.6957
      18.5217
      20.6304
      18.8043
      20.2174
      16.4130
      20.3478
      21.8043
      23.1522
      31.5435
      100.565
      123.348
      109.304
      83.1304
      76.3913
      76.9565
      73.5435
      70.1087
      67.1957
      68.6957
      68.2826
      73.8261
      66.3913
      68.5870
      65.0652
      68.5870
      63.0652
      67.9130
      63.0000
      59.8913
      59.6957
      59.6304
      60.1087
      60.5870
      61.1957
      55.2174
      54.7826
      54.3696
      54.9783
      54.7391
      56.8261
      55.6087
      56.0000
      55.3043
      48.1304
      49.7609
      48.4130
      46.9130
      46.1304
      49.0217
      50.9348
      48.4565
