X-values

      0.00000000
       4.5000000
       9.0000000
       13.500000
       18.000000
       22.500000
       27.000000
       31.500000
       36.000000
       40.500000
       45.000000
       49.500000
       54.000000
       58.500000
       63.000000
       67.500000
       72.000000
       76.500000
       81.000000
       85.500000
       90.000000
       94.500000
       99.000000
       103.50000
       108.00000
       112.50000
       117.00000
       121.50000
       126.00000
       130.50000
       135.00000
       139.50000
       144.00000
       148.50000
       153.00000
       157.50000
       162.00000
       166.50000
       171.00000
       175.50000
       180.00000
       184.50000
       189.00000
       193.50000
       198.00000
       202.50000
       207.00000
       211.50000
       216.00000
       220.50000
       225.00000
       229.50000
       234.00000
       238.50000
       243.00000
       247.50000
       252.00000
       256.50000
       261.00000
       265.50000

Y-values

      108.835
      107.529
      112.775
      107.063
      105.466
      112.661
      112.886
      108.199
      110.828
      116.763
      110.290
      110.256
      113.418
      124.528
      217.174
      273.160
      261.242
      239.812
      230.511
      230.536
      235.729
      238.036
      232.604
      233.659
      238.343
      238.621
      242.195
      242.921
      247.021
      243.849
      245.055
      238.532
      239.797
      249.793
      249.254
      250.935
      251.393
      250.927
      244.325
      242.501
      246.033
      255.842
      247.632
      245.444
      253.256
      244.838
      239.702
      238.763
      244.945
      249.603
      211.292
      214.346
      211.329
      214.949
      219.686
      210.500
      212.229
      215.197
      213.234
      209.794
