X-values

      0.00000000
       4.5000000
       9.0000000
       13.500000
       18.000000
       22.500000
       27.000000
       31.500000
       36.000000
       40.500000
       45.000000
       49.500000
       54.000000
       58.500000
       63.000000
       67.500000
       72.000000
       76.500000
       81.000000
       85.500000
       90.000000
       94.500000
       99.000000
       103.50000
       108.00000
       112.50000
       117.00000
       121.50000
       126.00000
       130.50000
       135.00000
       139.50000
       144.00000
       148.50000
       153.00000
       157.50000
       162.00000
       166.50000
       171.00000
       175.50000
       180.00000
       184.50000
       189.00000
       193.50000
       198.00000
       202.50000
       207.00000
       211.50000
       216.00000
       220.50000
       225.00000
       229.50000
       234.00000
       238.50000
       243.00000
       247.50000
       252.00000
       256.50000

Y-values

      16.1400
      15.2200
      13.9000
      13.9400
      16.2200
      14.7200
      15.1000
      16.4400
      16.1400
      18.3800
      15.1600
      15.7000
      16.2600
      106.780
      113.960
      93.6800
      67.5200
      57.6800
      58.3600
      61.1200
      61.4800
      57.8000
      54.4800
      54.5000
      55.2600
      54.2600
      54.2200
      54.9400
      53.2000
      49.8200
      51.4800
      50.8000
      46.4800
      49.8600
      50.3400
      46.2600
      47.5200
      49.1400
      46.6000
      46.6400
      44.9200
      45.5800
      46.4000
      43.7400
      44.8200
      41.2600
      42.5600
      40.7800
      39.5200
      36.3000
      40.0800
      35.2600
      37.9800
      39.3400
      40.5800
      38.4200
      37.1800
      38.6200
