X-values

      0.00000000
       4.5000000
       9.0000000
       13.500000
       18.000000
       22.500000
       27.000000
       31.500000
       36.000000
       40.500000
       45.000000
       49.500000
       54.000000
       58.500000
       63.000000
       67.500000
       72.000000
       76.500000
       81.000000
       85.500000
       90.000000
       94.500000
       99.000000
       103.50000
       108.00000
       112.50000
       117.00000
       121.50000
       126.00000
       130.50000
       135.00000
       139.50000
       144.00000
       148.50000
       153.00000
       157.50000
       162.00000
       166.50000
       171.00000
       175.50000
       180.00000
       184.50000
       189.00000
       193.50000
       198.00000
       202.50000
       207.00000
       211.50000
       216.00000

Y-values

      95.4018
      93.4436
      89.6964
      90.8059
      94.5202
      94.5932
      92.1504
      95.4477
      96.5952
      97.4070
      90.3934
      89.8364
      91.0448
      96.3303
      100.568
      115.544
      128.623
      135.065
      135.501
      133.881
      139.126
      138.839
      148.278
      142.434
      145.293
      141.150
      150.755
      148.498
      141.611
      146.101
      143.784
      141.265
      142.818
      150.049
      150.919
      147.081
      135.085
      139.349
      140.798
      145.847
      145.785
      139.102
      146.508
      148.135
      149.310
      145.739
      147.706
      147.538
      146.871
