X-values

      0.00000000
       4.5000000
       9.0000000
       13.500000
       18.000000
       22.500000
       27.000000
       31.500000
       36.000000
       40.500000
       45.000000
       49.500000
       54.000000
       58.500000
       63.000000
       67.500000
       72.000000
       76.500000
       81.000000
       85.500000
       90.000000
       94.500000
       99.000000
       103.50000
       108.00000
       112.50000
       117.00000
       121.50000
       126.00000
       130.50000
       135.00000
       139.50000
       144.00000
       148.50000
       153.00000
       157.50000
       162.00000
       166.50000
       171.00000
       175.50000
       180.00000
       184.50000
       189.00000
       193.50000
       198.00000
       202.50000
       207.00000
       211.50000
       216.00000
       220.50000
       225.00000
       229.50000
       234.00000
       238.50000
       243.00000
       247.50000
       252.00000
       256.50000
       261.00000
       265.50000

Y-values

      18.4286
      14.2041
      15.5306
      15.4694
      14.0000
      13.8163
      14.1224
      15.0408
      13.3878
      13.5102
      12.0408
      14.4286
      15.7347
      168.102
      254.653
      203.755
      134.776
      91.2653
      75.5714
      93.3265
      97.8980
      96.0000
      89.4286
      74.9592
      86.0816
      89.5102
      89.4898
      88.8571
      91.1020
      92.7755
      90.5714
      91.4898
      88.7347
      85.1429
      80.7347
      78.8571
      77.8980
      78.3061
      77.1020
      76.1633
      68.6327
      81.5306
      75.1633
      71.7143
      70.4898
      67.1633
      68.3673
      68.6531
      68.4490
      67.7347
      60.6327
      55.2857
      54.9796
      53.6735
      55.0408
      53.0612
      55.5918
      51.7959
      50.9388
      53.9592
