X-values

      0.00000000
       4.5000000
       9.0000000
       13.500000
       18.000000
       22.500000
       27.000000
       31.500000
       36.000000
       40.500000
       45.000000
       49.500000
       54.000000
       58.500000
       63.000000
       67.500000
       72.000000
       76.500000
       81.000000
       85.500000
       90.000000
       94.500000
       99.000000
       103.50000
       108.00000
       112.50000
       117.00000
       121.50000
       126.00000
       130.50000
       135.00000
       139.50000
       144.00000
       148.50000
       153.00000
       157.50000
       162.00000
       166.50000
       171.00000
       175.50000
       180.00000
       184.50000
       189.00000
       193.50000
       198.00000
       202.50000
       207.00000
       211.50000
       216.00000
       220.50000
       225.00000
       229.50000
       234.00000
       238.50000

Y-values

      38.9929
      37.4324
      52.5757
      69.2380
      61.3793
      46.6536
      49.1774
      42.7306
      41.5780
      36.8801
      54.7135
      62.2301
      50.6165
      52.1561
      65.6590
      75.2261
      88.9577
      90.7096
      83.6167
      82.9217
      69.2024
      71.9034
      73.7783
      82.1888
      83.0610
      74.9948
      83.0695
      87.1601
      78.4909
      78.0485
      80.7924
      80.1274
      83.7304
      83.2598
      83.3342
      85.3808
      89.5880
      85.5617
      79.9494
      81.0231
      79.8432
      80.2775
      83.1572
      81.5763
      84.1641
      90.9746
      85.0352
      76.0593
      71.2224
      78.7216
      80.8422
      64.1133
      83.0152
      85.8974
