X-values

      0.00000000
       4.5000000
       9.0000000
       13.500000
       18.000000
       22.500000
       27.000000
       31.500000
       36.000000
       40.500000
       45.000000
       49.500000
       54.000000
       58.500000
       63.000000
       67.500000
       72.000000
       76.500000
       81.000000
       85.500000
       90.000000
       94.500000
       99.000000
       103.50000
       108.00000
       112.50000
       117.00000
       121.50000
       126.00000
       130.50000
       135.00000
       139.50000
       144.00000
       148.50000
       153.00000
       157.50000
       162.00000
       166.50000
       171.00000
       175.50000
       180.00000
       184.50000
       189.00000
       193.50000
       198.00000
       202.50000
       207.00000
       211.50000
       216.00000
       220.50000
       225.00000
       229.50000
       234.00000
       238.50000
       243.00000
       247.50000
       252.00000
       256.50000
       261.00000

Y-values

      66.7641
      68.9218
      60.6241
      67.2132
      68.0851
      67.3180
      62.4329
      65.5285
      67.8397
      61.9992
      65.8735
      64.6632
      61.2232
      77.8106
      93.3700
      97.4007
      100.359
      98.9702
      99.5541
      98.4958
      104.515
      103.072
      101.568
      103.530
      112.801
      107.526
      107.789
      110.733
      113.930
      118.131
      106.391
      112.047
      109.566
      116.583
      110.431
      112.596
      113.672
      118.043
      113.161
      112.849
      111.247
      113.696
      119.356
      111.244
      119.503
      114.877
      115.625
      110.587
      120.203
      114.097
      113.282
      110.401
      113.467
      108.680
      115.770
      111.315
      113.327
      113.264
      111.627
