X-values

      0.00000000
       4.5000000
       9.0000000
       13.500000
       18.000000
       22.500000
       27.000000
       31.500000
       36.000000
       40.500000
       45.000000
       49.500000
       54.000000
       58.500000
       63.000000
       67.500000
       72.000000
       76.500000
       81.000000
       85.500000
       90.000000
       94.500000
       99.000000
       103.50000
       108.00000
       112.50000
       117.00000
       121.50000
       126.00000
       130.50000
       135.00000
       139.50000
       144.00000
       148.50000
       153.00000
       157.50000
       162.00000
       166.50000
       171.00000
       175.50000
       180.00000
       184.50000
       189.00000
       193.50000
       198.00000
       202.50000
       207.00000
       211.50000
       216.00000
       220.50000
       225.00000
       229.50000
       234.00000
       238.50000
       243.00000
       247.50000
       252.00000
       256.50000
       261.00000
       265.50000

Y-values

      138.872
      104.568
      112.493
      105.764
      79.0541
      84.7770
      99.8649
      84.0811
      90.8378
      121.750
      76.6351
      85.2365
      85.9189
      99.5541
      73.4189
      81.6419
      117.946
      110.615
      154.980
      151.149
      163.115
      191.993
      166.750
      200.020
      216.939
      172.392
      187.574
      184.669
      187.000
      195.169
      200.595
      206.439
      237.804
      172.270
      184.216
      174.784
      212.831
      217.919
      188.838
      217.365
      172.946
      188.236
      197.959
      223.885
      199.682
      154.493
      181.865
      186.074
      222.459
      177.264
      189.682
      199.432
      195.777
      209.216
      214.514
      223.155
      215.865
      188.426
      209.514
      143.662
