X-values

      0.00000000
       4.5000000
       9.0000000
       13.500000
       18.000000
       22.500000
       27.000000
       31.500000
       36.000000
       40.500000
       45.000000
       49.500000
       54.000000
       58.500000
       63.000000
       67.500000
       72.000000
       76.500000
       81.000000
       85.500000
       90.000000
       94.500000
       99.000000
       103.50000
       108.00000
       112.50000
       117.00000
       121.50000
       126.00000
       130.50000
       135.00000
       139.50000
       144.00000
       148.50000
       153.00000
       157.50000
       162.00000
       166.50000
       171.00000
       175.50000
       180.00000
       184.50000
       189.00000
       193.50000
       198.00000
       202.50000
       207.00000
       211.50000
       216.00000
       220.50000
       225.00000
       229.50000
       234.00000
       238.50000
       243.00000

Y-values

      63.6552
      67.4828
      72.3103
      69.1034
      62.1034
      62.1724
      60.1034
      62.4138
      61.7931
      94.8276
      201.034
      184.000
      152.310
      140.172
      146.517
      147.966
      136.621
      132.069
      138.379
      135.310
      134.103
      136.414
      138.207
      134.483
      127.069
      136.310
      132.621
      127.207
      132.138
      122.103
      120.759
      120.690
      126.207
      106.138
      117.310
      116.414
      119.276
      113.276
      117.103
      110.310
      110.414
      113.103
      110.621
      106.483
      106.759
      103.414
      95.6207
      97.9310
      95.5517
      87.1379
      91.5517
      89.5862
      95.5862
      95.2414
      97.0690
