X-values

      0.00000000
       4.5000000
       9.0000000
       13.500000
       18.000000
       22.500000
       27.000000
       31.500000
       36.000000
       40.500000
       45.000000
       49.500000
       54.000000
       58.500000
       63.000000
       67.500000
       72.000000
       76.500000
       81.000000
       85.500000
       90.000000
       94.500000
       99.000000
       103.50000
       108.00000
       112.50000
       117.00000
       121.50000
       126.00000
       130.50000
       135.00000
       139.50000
       144.00000
       148.50000
       153.00000
       157.50000
       162.00000
       166.50000
       171.00000
       175.50000
       180.00000
       184.50000
       189.00000
       193.50000
       198.00000
       202.50000
       207.00000
       211.50000
       216.00000
       220.50000
       225.00000
       229.50000
       234.00000
       238.50000
       243.00000
       247.50000
       252.00000
       256.50000
       261.00000
       265.50000

Y-values

      92.9505
      107.154
      96.2666
      88.5238
      94.4341
      97.0261
      99.0332
      100.883
      98.8293
      100.835
      93.8173
      93.5953
      92.4132
      114.177
      137.873
      165.489
      220.606
      239.425
      211.774
      227.432
      206.276
      203.407
      211.598
      213.623
      209.966
      208.290
      218.245
      220.454
      224.681
      214.630
      224.884
      214.181
      213.096
      216.594
      205.436
      213.089
      221.578
      204.229
      218.622
      225.525
      209.515
      212.089
      221.421
      208.475
      210.339
      218.381
      221.255
      220.068
      213.826
      210.444
      197.909
      203.302
      211.501
      209.467
      199.031
      196.910
      207.914
      200.267
      200.822
      186.040
