X-values

      0.00000000
       4.5000000
       9.0000000
       13.500000
       18.000000
       22.500000
       27.000000
       31.500000
       36.000000
       40.500000
       45.000000
       49.500000
       54.000000
       58.500000
       63.000000
       67.500000
       72.000000
       76.500000
       81.000000
       85.500000
       90.000000
       94.500000
       99.000000
       103.50000
       108.00000
       112.50000
       117.00000
       121.50000
       126.00000
       130.50000
       135.00000
       139.50000
       144.00000
       148.50000
       153.00000
       157.50000
       162.00000
       166.50000
       171.00000
       175.50000
       180.00000
       184.50000
       189.00000
       193.50000
       198.00000
       202.50000
       207.00000
       211.50000
       216.00000
       220.50000
       225.00000
       229.50000
       234.00000
       238.50000
       243.00000
       247.50000

Y-values

      94.7411
      84.9479
      70.8957
      70.7683
      70.0914
      72.7785
      73.0401
      73.7905
      88.1647
      91.5284
      81.1758
      75.4504
      78.8606
      93.5012
      104.406
      114.290
      144.034
      124.558
      137.613
      143.315
      136.976
      140.956
      132.919
      145.660
      156.614
      154.229
      141.233
      161.069
      149.120
      148.755
      144.317
      131.909
      149.421
      158.473
      154.388
      158.139
      154.286
      152.855
      142.330
      154.491
      156.498
      146.237
      142.463
      143.303
      150.791
      145.611
      145.946
      146.262
      153.862
      148.041
      152.895
      151.389
      151.757
      153.844
      152.166
      157.635
