X-values

      0.00000000
       4.5000000
       9.0000000
       13.500000
       18.000000
       22.500000
       27.000000
       31.500000
       36.000000
       40.500000
       45.000000
       49.500000
       54.000000
       58.500000
       63.000000
       67.500000
       72.000000
       76.500000
       81.000000
       85.500000
       90.000000
       94.500000
       99.000000
       103.50000
       108.00000
       112.50000
       117.00000
       121.50000
       126.00000
       130.50000
       135.00000
       139.50000
       144.00000
       148.50000
       153.00000
       157.50000
       162.00000
       166.50000
       171.00000
       175.50000
       180.00000
       184.50000
       189.00000
       193.50000
       198.00000
       202.50000
       207.00000
       211.50000
       216.00000
       220.50000
       225.00000
       229.50000
       234.00000
       238.50000
       243.00000
       247.50000
       252.00000
       256.50000
       261.00000
       265.50000
       270.00000
       274.50000
       279.00000

Y-values

      17.7000
      20.2333
      19.1667
      20.9667
      17.3000
      18.5000
      18.1667
      21.2333
      17.1333
      19.9333
      18.0333
      17.8333
      19.7000
      18.3667
      18.9667
      18.9667
      96.7000
      152.000
      128.800
      81.9333
      54.7667
      64.9333
      82.1000
      76.6000
      76.2333
      66.9000
      72.8667
      69.7667
      69.0000
      70.4667
      64.5667
      68.1667
      61.9000
      64.9667
      63.9333
      64.6333
      64.6000
      61.8000
      62.5667
      62.7000
      58.4667
      62.9333
      59.3667
      60.0000
      58.2000
      56.5333
      58.6000
      56.4000
      59.2333
      56.6667
      60.1333
      64.9667
      58.0333
      52.9667
      47.6000
      48.6000
      48.4667
      46.6667
      46.2000
      46.3333
      43.5000
      47.5333
      46.3000
