X-values

      0.00000000
       4.5000000
       9.0000000
       13.500000
       18.000000
       22.500000
       27.000000
       31.500000
       36.000000
       40.500000
       45.000000
       49.500000
       54.000000
       58.500000
       63.000000
       67.500000
       72.000000
       76.500000
       81.000000
       85.500000
       90.000000
       94.500000
       99.000000
       103.50000
       108.00000
       112.50000
       117.00000
       121.50000
       126.00000
       130.50000
       135.00000
       139.50000
       144.00000
       148.50000
       153.00000
       157.50000
       162.00000
       166.50000
       171.00000
       175.50000
       180.00000
       184.50000
       189.00000
       193.50000
       198.00000
       202.50000
       207.00000
       211.50000
       216.00000
       220.50000
       225.00000
       229.50000
       234.00000
       238.50000
       243.00000
       247.50000
       252.00000
       256.50000
       261.00000

Y-values

      84.8056
      114.791
      95.3280
      89.0145
      106.747
      91.8082
      88.7580
      92.0590
      90.7606
      101.338
      97.3179
      93.6729
      91.0799
      132.818
      211.955
      235.472
      220.344
      202.307
      190.592
      192.264
      195.647
      196.650
      191.797
      206.576
      209.899
      215.702
      205.690
      216.421
      212.104
      218.660
      207.301
      217.884
      214.258
      213.993
      202.443
      213.653
      205.871
      215.633
      213.942
      217.047
      223.190
      209.920
      218.128
      218.601
      221.213
      211.401
      220.700
      213.050
      216.641
      193.526
      186.974
      198.287
      195.354
      207.183
      200.147
      202.113
      204.653
      197.556
      201.025
