X-values

      0.00000000
       4.5000000
       9.0000000
       13.500000
       18.000000
       22.500000
       27.000000
       31.500000
       36.000000
       40.500000
       45.000000
       49.500000
       54.000000
       58.500000
       63.000000
       67.500000
       72.000000
       76.500000
       81.000000
       85.500000
       90.000000
       94.500000
       99.000000
       103.50000
       108.00000
       112.50000
       117.00000
       121.50000
       126.00000
       130.50000
       135.00000
       139.50000
       144.00000
       148.50000
       153.00000
       157.50000
       162.00000
       166.50000
       171.00000
       175.50000
       180.00000
       184.50000
       189.00000
       193.50000
       198.00000
       202.50000
       207.00000
       211.50000
       216.00000
       220.50000
       225.00000
       229.50000
       234.00000
       238.50000
       243.00000
       247.50000
       252.00000
       256.50000
       261.00000
       265.50000

Y-values

      51.7639
      51.9838
      51.9969
      51.7058
      46.4401
      45.9778
      45.2459
      46.9784
      45.2275
      44.3654
      46.2362
      46.1246
      56.4299
      102.883
      117.109
      109.273
      108.202
      105.646
      107.145
      106.334
      106.090
      106.172
      104.571
      108.507
      107.798
      102.908
      105.548
      107.484
      104.841
      109.856
      109.318
      107.141
      108.614
      107.856
      102.417
      110.012
      108.279
      105.399
      103.412
      104.336
      104.125
      104.099
      104.628
      105.297
      103.254
      101.711
      97.4236
      100.549
      97.6144
      101.569
      95.1934
      94.9500
      92.0960
      94.1912
      90.6774
      93.9342
      91.5483
      96.4099
      93.6046
      93.4463
