X-values

      0.00000000
       4.5000000
       9.0000000
       13.500000
       18.000000
       22.500000
       27.000000
       31.500000
       36.000000
       40.500000
       45.000000
       49.500000
       54.000000
       58.500000
       63.000000
       67.500000
       72.000000
       76.500000
       81.000000
       85.500000
       90.000000
       94.500000
       99.000000
       103.50000
       108.00000
       112.50000
       117.00000
       121.50000
       126.00000
       130.50000
       135.00000
       139.50000
       144.00000
       148.50000
       153.00000
       157.50000
       162.00000
       166.50000
       171.00000
       175.50000
       180.00000
       184.50000
       189.00000
       193.50000
       198.00000
       202.50000
       207.00000
       211.50000
       216.00000
       220.50000
       225.00000
       229.50000
       234.00000
       238.50000
       243.00000
       247.50000
       252.00000

Y-values

      112.307
      112.307
      113.428
      110.950
      115.851
      112.382
      118.415
      113.170
      127.994
      113.450
      114.524
      109.292
      126.074
      116.821
      167.755
      222.035
      249.012
      249.636
      247.694
      255.642
      256.713
      258.106
      269.711
      267.293
      268.571
      274.658
      274.509
      279.013
      276.371
      277.315
      280.374
      282.726
      280.301
      278.475
      291.916
      288.947
      291.098
      288.985
      286.120
      299.454
      293.633
      301.114
      305.178
      296.646
      290.773
      300.715
      296.743
      299.894
      266.109
      267.040
      272.385
      269.340
      267.978
      271.920
      266.580
      264.938
      266.752
