X-values

      0.00000000
       4.5000000
       9.0000000
       13.500000
       18.000000
       22.500000
       27.000000
       31.500000
       36.000000
       40.500000
       45.000000
       49.500000
       54.000000
       58.500000
       63.000000
       67.500000
       72.000000
       76.500000
       81.000000
       85.500000
       90.000000
       94.500000
       99.000000
       103.50000
       108.00000
       112.50000
       117.00000
       121.50000
       126.00000
       130.50000
       135.00000
       139.50000
       144.00000
       148.50000
       153.00000
       157.50000
       162.00000
       166.50000
       171.00000
       175.50000
       180.00000
       184.50000
       189.00000
       193.50000
       198.00000
       202.50000
       207.00000
       211.50000
       216.00000
       220.50000
       225.00000
       229.50000
       234.00000
       238.50000
       243.00000
       247.50000
       252.00000

Y-values

      126.245
      112.047
      127.568
      119.750
      122.187
      128.727
      145.954
      130.480
      124.451
      126.150
      132.981
      123.784
      139.801
      137.320
      154.847
      169.365
      171.014
      192.679
      198.095
      194.568
      192.547
      189.774
      200.245
      203.476
      193.282
      193.389
      197.385
      193.245
      194.957
      197.662
      196.597
      187.689
      191.899
      192.044
      199.133
      196.680
      198.272
      185.645
      198.949
      192.368
      197.272
      199.822
      189.041
      193.696
      208.420
      192.814
      193.060
      200.119
      197.048
      198.093
      188.211
      190.245
      198.139
      191.387
      190.420
      187.252
      185.120
