X-values

      0.00000000
       4.5000000
       9.0000000
       13.500000
       18.000000
       22.500000
       27.000000
       31.500000
       36.000000
       40.500000
       45.000000
       49.500000
       54.000000
       58.500000
       63.000000
       67.500000
       72.000000
       76.500000
       81.000000
       85.500000
       90.000000
       94.500000
       99.000000
       103.50000
       108.00000
       112.50000
       117.00000
       121.50000
       126.00000
       130.50000
       135.00000
       139.50000
       144.00000
       148.50000
       153.00000
       157.50000
       162.00000
       166.50000
       171.00000
       175.50000
       180.00000
       184.50000
       189.00000
       193.50000
       198.00000
       202.50000
       207.00000
       211.50000
       216.00000
       220.50000
       225.00000
       229.50000
       234.00000

Y-values

      65.8935
      67.3699
      67.9089
      68.6166
      69.5886
      64.3006
      68.7989
      73.2954
      86.7280
      103.292
      120.195
      129.558
      129.666
      127.322
      126.929
      131.196
      126.903
      131.824
      134.036
      136.884
      133.734
      143.976
      144.491
      143.548
      146.851
      148.487
      147.166
      152.977
      152.519
      146.740
      151.632
      153.540
      157.298
      158.172
      152.089
      155.719
      154.999
      149.135
      154.289
      155.870
      156.646
      162.915
      158.385
      153.895
      136.867
      142.079
      140.438
      135.856
      135.218
      141.944
      137.190
      139.504
      138.609
