X-values

      0.00000000
       4.5000000
       9.0000000
       13.500000
       18.000000
       22.500000
       27.000000
       31.500000
       36.000000
       40.500000
       45.000000
       49.500000
       54.000000
       58.500000
       63.000000
       67.500000
       72.000000
       76.500000
       81.000000
       85.500000
       90.000000
       94.500000
       99.000000
       103.50000
       108.00000
       112.50000
       117.00000
       121.50000
       126.00000
       130.50000
       135.00000
       139.50000
       144.00000
       148.50000
       153.00000
       157.50000
       162.00000
       166.50000
       171.00000
       175.50000
       180.00000
       184.50000
       189.00000
       193.50000
       198.00000
       202.50000
       207.00000
       211.50000
       216.00000
       220.50000
       225.00000
       229.50000
       234.00000
       238.50000
       243.00000
       247.50000
       252.00000

Y-values

      35.4000
      37.3000
      41.0500
      44.9500
      35.3000
      36.9000
      35.5000
      37.2500
      44.1500
      37.1500
      39.8000
      39.8500
      32.4500
      37.7500
      55.8500
      190.250
      222.000
      195.350
      149.500
      156.400
      136.100
      141.150
      136.450
      130.000
      133.000
      143.000
      139.550
      139.900
      140.800
      143.200
      140.200
      128.600
      126.700
      129.450
      125.050
      130.000
      125.100
      125.750
      118.250
      128.350
      119.500
      137.100
      112.800
      121.050
      115.100
      115.900
      112.250
      114.000
      94.8000
      92.3000
      90.4000
      91.0000
      93.7000
      82.5000
      86.8500
      81.2500
      90.4500
