X-values

      0.00000000
       4.5000000
       9.0000000
       13.500000
       18.000000
       22.500000
       27.000000
       31.500000
       36.000000
       40.500000
       45.000000
       49.500000
       54.000000
       58.500000
       63.000000
       67.500000
       72.000000
       76.500000
       81.000000
       85.500000
       90.000000
       94.500000
       99.000000
       103.50000
       108.00000
       112.50000
       117.00000
       121.50000
       126.00000
       130.50000
       135.00000
       139.50000
       144.00000
       148.50000
       153.00000
       157.50000
       162.00000
       166.50000
       171.00000
       175.50000
       180.00000
       184.50000
       189.00000
       193.50000
       198.00000
       202.50000
       207.00000
       211.50000
       216.00000
       220.50000
       225.00000
       229.50000
       234.00000
       238.50000
       243.00000
       247.50000
       252.00000
       256.50000
       261.00000
       265.50000

Y-values

      65.8224
      64.2863
      58.1651
      62.0705
      65.1895
      58.3929
      60.3945
      62.5488
      58.6709
      61.8391
      57.4812
      63.5521
      59.6569
      56.8580
      57.5697
      70.2226
      77.9487
      99.5012
      108.463
      111.549
      112.634
      113.148
      112.199
      110.781
      117.234
      114.878
      112.024
      114.160
      106.604
      114.500
      110.881
      115.017
      111.410
      116.095
      113.121
      105.491
      115.461
      114.599
      110.227
      108.063
      120.054
      117.165
      116.249
      112.230
      118.368
      113.819
      116.130
      118.685
      117.947
      115.541
      117.526
      113.883
      119.353
      124.719
      121.916
      123.517
      125.026
      119.883
      118.597
      122.067
