X-values

      0.00000000
       4.5000000
       9.0000000
       13.500000
       18.000000
       22.500000
       27.000000
       31.500000
       36.000000
       40.500000
       45.000000
       49.500000
       54.000000
       58.500000
       63.000000
       67.500000
       72.000000
       76.500000
       81.000000
       85.500000
       90.000000
       94.500000
       99.000000
       103.50000
       108.00000
       112.50000
       117.00000
       121.50000
       126.00000
       130.50000
       135.00000
       139.50000
       144.00000
       148.50000
       153.00000
       157.50000
       162.00000
       166.50000
       171.00000
       175.50000
       180.00000
       184.50000
       189.00000
       193.50000
       198.00000
       202.50000
       207.00000
       211.50000
       216.00000

Y-values

      66.2953
      66.7238
      66.3689
      68.6903
      74.6403
      74.6475
      72.4271
      60.0663
      63.7575
      66.7334
      63.6523
      89.0774
      109.020
      150.582
      154.516
      148.653
      151.534
      142.961
      141.557
      142.264
      136.082
      133.880
      133.274
      129.423
      132.465
      134.436
      134.721
      128.932
      135.875
      127.899
      132.157
      137.747
      137.572
      131.448
      131.338
      130.191
      135.628
      137.338
      138.556
      136.145
      122.118
      129.242
      124.453
      129.719
      131.130
      133.319
      132.047
      132.630
      125.342
