X-values

      0.00000000
       4.5000000
       9.0000000
       13.500000
       18.000000
       22.500000
       27.000000
       31.500000
       36.000000
       40.500000
       45.000000
       49.500000
       54.000000
       58.500000
       63.000000
       67.500000
       72.000000
       76.500000
       81.000000
       85.500000
       90.000000
       94.500000
       99.000000
       103.50000
       108.00000
       112.50000
       117.00000
       121.50000
       126.00000
       130.50000
       135.00000
       139.50000
       144.00000
       148.50000
       153.00000
       157.50000
       162.00000
       166.50000
       171.00000
       175.50000
       180.00000
       184.50000
       189.00000
       193.50000
       198.00000
       202.50000
       207.00000
       211.50000
       216.00000
       220.50000
       225.00000
       229.50000
       234.00000
       238.50000
       243.00000
       247.50000
       252.00000
       256.50000
       261.00000
       265.50000
       270.00000

Y-values

      58.8013
      58.8193
      62.8325
      59.1992
      67.7212
      59.1463
      57.9493
      58.8465
      56.5254
      59.0026
      58.3671
      61.6216
      62.6870
      104.768
      155.686
      151.107
      139.992
      126.449
      129.854
      131.849
      133.173
      135.674
      137.953
      138.893
      141.860
      137.829
      142.949
      142.982
      142.184
      144.953
      147.181
      148.707
      147.262
      144.096
      145.026
      144.569
      142.120
      145.363
      146.981
      144.863
      145.798
      145.367
      142.347
      144.364
      144.747
      146.530
      143.196
      150.040
      143.902
      142.702
      130.368
      129.034
      128.755
      129.989
      128.480
      131.469
      129.219
      126.121
      132.074
      126.251
      126.251
