X-values

      0.00000000
       4.5000000
       9.0000000
       13.500000
       18.000000
       22.500000
       27.000000
       31.500000
       36.000000
       40.500000
       45.000000
       49.500000
       54.000000
       58.500000
       63.000000
       67.500000
       72.000000
       76.500000
       81.000000
       85.500000
       90.000000
       94.500000
       99.000000
       103.50000
       108.00000
       112.50000
       117.00000
       121.50000
       126.00000
       130.50000
       135.00000
       139.50000
       144.00000
       148.50000
       153.00000
       157.50000
       162.00000
       166.50000
       171.00000
       175.50000
       180.00000
       184.50000
       189.00000
       193.50000
       198.00000
       202.50000
       207.00000
       211.50000
       216.00000
       220.50000
       225.00000
       229.50000
       234.00000
       238.50000
       243.00000
       247.50000

Y-values

      61.9269
      65.2836
      64.0061
      59.6711
      59.9235
      63.5681
      64.5205
      64.5165
      58.4691
      59.5306
      64.9082
      61.8348
      61.2440
      69.1767
      87.4717
      115.200
      132.487
      132.483
      135.654
      130.403
      122.520
      122.723
      128.028
      125.748
      131.662
      132.628
      130.409
      127.972
      132.215
      137.162
      140.927
      140.005
      136.492
      146.295
      149.240
      149.861
      153.647
      149.305
      147.567
      150.196
      149.202
      153.785
      153.156
      151.269
      155.134
      149.152
      146.738
      143.833
      142.224
      146.819
      137.230
      141.628
      142.430
      138.196
      139.102
      140.622
