X-values

      0.00000000
       4.5000000
       9.0000000
       13.500000
       18.000000
       22.500000
       27.000000
       31.500000
       36.000000
       40.500000
       45.000000
       49.500000
       54.000000
       58.500000
       63.000000
       67.500000
       72.000000
       76.500000
       81.000000
       85.500000
       90.000000
       94.500000
       99.000000
       103.50000
       108.00000
       112.50000
       117.00000
       121.50000
       126.00000
       130.50000
       135.00000
       139.50000
       144.00000
       148.50000
       153.00000
       157.50000
       162.00000
       166.50000
       171.00000
       175.50000
       180.00000
       184.50000
       189.00000
       193.50000
       198.00000
       202.50000
       207.00000
       211.50000
       216.00000
       220.50000
       225.00000
       229.50000
       234.00000
       238.50000
       243.00000
       247.50000
       252.00000
       256.50000
       261.00000
       265.50000

Y-values

      94.3182
      96.2773
      93.4077
      92.7835
      92.5083
      94.5245
      91.6357
      96.1236
      91.6620
      94.4300
      94.9615
      94.5437
      93.4595
      92.3112
      91.9924
      90.9383
      99.3912
      122.850
      143.971
      157.483
      155.497
      156.126
      152.627
      150.718
      147.756
      141.904
      141.806
      145.310
      146.630
      145.950
      147.836
      150.069
      151.308
      155.575
      149.163
      148.896
      151.946
      149.003
      151.857
      151.276
      149.170
      156.462
      151.933
      146.304
      152.570
      155.327
      153.288
      160.226
      152.566
      154.359
      153.976
      156.035
      155.473
      153.761
      159.524
      156.658
      151.338
      154.523
      159.097
      157.510
