X-values

      0.00000000
       4.5000000
       9.0000000
       13.500000
       18.000000
       22.500000
       27.000000
       31.500000
       36.000000
       40.500000
       45.000000
       49.500000
       54.000000
       58.500000
       63.000000
       67.500000
       72.000000
       76.500000
       81.000000
       85.500000
       90.000000
       94.500000
       99.000000
       103.50000
       108.00000
       112.50000
       117.00000
       121.50000
       126.00000
       130.50000
       135.00000
       139.50000
       144.00000
       148.50000
       153.00000
       157.50000
       162.00000
       166.50000
       171.00000
       175.50000
       180.00000
       184.50000
       189.00000
       193.50000
       198.00000
       202.50000
       207.00000
       211.50000
       216.00000
       220.50000
       225.00000
       229.50000
       234.00000
       238.50000
       243.00000
       247.50000
       252.00000
       256.50000
       261.00000

Y-values

      54.6892
      76.3483
      76.2818
      82.4888
      74.7044
      80.8563
      77.2673
      78.6434
      76.0112
      80.7037
      79.2009
      74.4808
      76.3802
      78.4644
      75.6326
      90.2535
      120.523
      154.279
      171.263
      168.230
      165.028
      152.946
      149.912
      144.896
      152.237
      148.783
      146.669
      148.270
      148.139
      149.773
      150.913
      153.147
      152.723
      149.741
      154.711
      150.297
      154.908
      150.816
      155.129
      154.937
      143.505
      150.111
      151.718
      151.951
      150.790
      152.698
      150.705
      149.470
      145.846
      138.049
      137.436
      138.955
      139.805
      138.190
      140.499
      135.926
      141.479
      136.372
      140.700
