X-values

      0.00000000
       4.5000000
       9.0000000
       13.500000
       18.000000
       22.500000
       27.000000
       31.500000
       36.000000
       40.500000
       45.000000
       49.500000
       54.000000
       58.500000
       63.000000
       67.500000
       72.000000
       76.500000
       81.000000
       85.500000
       90.000000
       94.500000
       99.000000
       103.50000
       108.00000
       112.50000
       117.00000
       121.50000
       126.00000
       130.50000
       135.00000
       139.50000
       144.00000
       148.50000
       153.00000
       157.50000
       162.00000
       166.50000
       171.00000
       175.50000
       180.00000
       184.50000
       189.00000
       193.50000
       198.00000
       202.50000
       207.00000
       211.50000
       216.00000
       220.50000
       225.00000
       229.50000
       234.00000
       238.50000
       243.00000
       247.50000
       252.00000
       256.50000
       261.00000

Y-values

      69.0593
      64.1049
      53.1442
      63.0656
      62.8178
      58.9503
      52.0262
      61.9696
      56.3057
      51.8592
      56.9034
      63.5238
      58.2961
      73.5611
      83.5714
      100.856
      105.106
      99.5114
      94.7212
      94.4569
      106.080
      104.410
      101.477
      105.429
      112.011
      113.749
      104.990
      111.867
      117.290
      119.306
      106.086
      113.025
      109.657
      107.110
      119.124
      109.669
      121.006
      118.563
      112.980
      111.527
      118.338
      123.364
      107.645
      101.997
      119.986
      115.717
      109.222
      107.255
      119.450
      115.279
      115.872
      107.496
      106.778
      109.304
      116.705
      115.225
      116.179
      105.496
      104.088
