X-values

      0.00000000
       4.5000000
       9.0000000
       13.500000
       18.000000
       22.500000
       27.000000
       31.500000
       36.000000
       40.500000
       45.000000
       49.500000
       54.000000
       58.500000
       63.000000
       67.500000
       72.000000
       76.500000
       81.000000
       85.500000
       90.000000
       94.500000
       99.000000
       103.50000
       108.00000
       112.50000
       117.00000
       121.50000
       126.00000
       130.50000
       135.00000
       139.50000
       144.00000
       148.50000
       153.00000
       157.50000
       162.00000
       166.50000
       171.00000
       175.50000
       180.00000
       184.50000
       189.00000
       193.50000
       198.00000
       202.50000
       207.00000
       211.50000
       216.00000
       220.50000
       225.00000
       229.50000
       234.00000

Y-values

      17.9167
      20.1111
      18.6667
      16.4444
      17.8611
      17.4444
      13.3889
      25.2222
      128.806
      128.028
      135.361
      126.694
      107.333
      93.5556
      95.1111
      95.5000
      92.6389
      85.0278
      86.1944
      84.6944
      84.3889
      82.2222
      78.6944
      75.3056
      77.3333
      75.6389
      70.5556
      70.5833
      64.3056
      76.0556
      67.6944
      68.1667
      71.4444
      68.5556
      65.3889
      64.7222
      61.3056
      71.1111
      70.1389
      66.4722
      63.7500
      73.3889
      67.2222
      61.1389
      51.8611
      52.4722
      48.8889
      50.3611
      46.9444
      50.2222
      49.8889
      53.2778
      51.8333
