X-values

      0.00000000
       4.5000000
       9.0000000
       13.500000
       18.000000
       22.500000
       27.000000
       31.500000
       36.000000
       40.500000
       45.000000
       49.500000
       54.000000
       58.500000
       63.000000
       67.500000
       72.000000
       76.500000
       81.000000
       85.500000
       90.000000
       94.500000
       99.000000
       103.50000
       108.00000
       112.50000
       117.00000
       121.50000
       126.00000
       130.50000
       135.00000
       139.50000
       144.00000
       148.50000
       153.00000
       157.50000
       162.00000
       166.50000
       171.00000
       175.50000
       180.00000
       184.50000
       189.00000
       193.50000
       198.00000
       202.50000
       207.00000
       211.50000
       216.00000
       220.50000
       225.00000
       229.50000
       234.00000
       238.50000
       243.00000
       247.50000
       252.00000
       256.50000
       261.00000

Y-values

      45.9200
      66.3423
      68.7149
      67.8358
      67.2082
      67.4247
      69.2279
      70.6505
      67.8621
      68.6517
      68.1298
      67.8933
      68.4785
      68.2783
      67.1964
      79.0278
      116.926
      155.636
      171.289
      170.424
      156.702
      146.804
      138.876
      139.171
      147.118
      142.349
      139.895
      140.069
      140.321
      143.204
      142.828
      142.294
      145.026
      143.408
      143.238
      144.277
      141.290
      141.384
      142.633
      141.760
      138.899
      141.901
      142.847
      144.095
      140.598
      145.620
      140.373
      141.057
      141.239
      135.113
      130.740
      126.669
      126.406
      126.729
      125.717
      126.920
      123.358
      126.223
      129.715
