X-values

      0.00000000
       4.5000000
       9.0000000
       13.500000
       18.000000
       22.500000
       27.000000
       31.500000
       36.000000
       40.500000
       45.000000
       49.500000
       54.000000
       58.500000
       63.000000
       67.500000
       72.000000
       76.500000
       81.000000
       85.500000
       90.000000
       94.500000
       99.000000
       103.50000
       108.00000
       112.50000
       117.00000
       121.50000
       126.00000
       130.50000
       135.00000
       139.50000
       144.00000
       148.50000
       153.00000
       157.50000
       162.00000
       166.50000
       171.00000
       175.50000
       180.00000
       184.50000
       189.00000
       193.50000
       198.00000
       202.50000
       207.00000
       211.50000
       216.00000
       220.50000
       225.00000
       229.50000
       234.00000
       238.50000
       243.00000

Y-values

      81.2872
      80.5302
      76.3310
      71.8467
      85.3718
      73.8373
      77.0623
      74.5173
      72.5833
      81.1816
      140.079
      198.093
      190.830
      169.978
      167.524
      175.916
      168.111
      166.973
      177.021
      180.884
      177.778
      189.182
      185.380
      196.163
      189.187
      190.127
      182.841
      192.546
      191.904
      190.730
      195.591
      189.828
      198.957
      197.600
      196.763
      190.728
      199.457
      194.607
      197.807
      193.428
      192.592
      193.808
      188.779
      189.989
      190.581
      156.923
      161.743
      162.689
      161.691
      159.029
      158.842
      159.007
      158.618
      167.051
      153.201
