X-values

      0.00000000
       4.5000000
       9.0000000
       13.500000
       18.000000
       22.500000
       27.000000
       31.500000
       36.000000
       40.500000
       45.000000
       49.500000
       54.000000
       58.500000
       63.000000
       67.500000
       72.000000
       76.500000
       81.000000
       85.500000
       90.000000
       94.500000
       99.000000
       103.50000
       108.00000
       112.50000
       117.00000
       121.50000
       126.00000
       130.50000
       135.00000
       139.50000
       144.00000
       148.50000
       153.00000
       157.50000
       162.00000
       166.50000
       171.00000
       175.50000
       180.00000
       184.50000
       189.00000
       193.50000
       198.00000
       202.50000
       207.00000
       211.50000
       216.00000
       220.50000
       225.00000
       229.50000
       234.00000
       238.50000
       243.00000
       247.50000
       252.00000

Y-values

      98.6458
      101.054
      95.9789
      93.7529
      92.1575
      94.0546
      95.0750
      88.5908
      95.4019
      101.548
      102.388
      120.708
      217.149
      220.191
      208.227
      197.426
      196.491
      187.502
      197.880
      189.714
      202.905
      201.169
      200.494
      211.993
      211.404
      215.584
      213.136
      220.407
      218.549
      227.985
      227.342
      226.996
      236.492
      232.245
      224.521
      229.954
      233.903
      240.350
      232.288
      249.349
      236.784
      235.217
      241.422
      245.561
      240.745
      249.191
      256.439
      244.540
      218.897
      215.903
      233.582
      220.544
      220.867
      234.447
      223.137
      228.524
      233.445
