X-values

      0.00000000
       4.5000000
       9.0000000
       13.500000
       18.000000
       22.500000
       27.000000
       31.500000
       36.000000
       40.500000
       45.000000
       49.500000
       54.000000
       58.500000
       63.000000
       67.500000
       72.000000
       76.500000
       81.000000
       85.500000
       90.000000
       94.500000
       99.000000
       103.50000
       108.00000
       112.50000
       117.00000
       121.50000
       126.00000
       130.50000
       135.00000
       139.50000
       144.00000
       148.50000
       153.00000
       157.50000
       162.00000
       166.50000
       171.00000
       175.50000
       180.00000
       184.50000
       189.00000
       193.50000
       198.00000
       202.50000
       207.00000
       211.50000
       216.00000
       220.50000
       225.00000
       229.50000
       234.00000
       238.50000
       243.00000

Y-values

      54.8095
      48.5238
      44.9524
      49.7619
      41.2857
      50.2381
      50.5714
      45.8095
      45.6190
      97.0952
      161.190
      199.952
      205.667
      167.429
      149.000
      153.190
      149.905
      146.286
      137.571
      123.952
      124.857
      129.476
      133.476
      126.952
      125.952
      116.476
      117.238
      121.476
      121.000
      117.762
      119.667
      124.905
      123.714
      115.524
      113.476
      115.143
      119.429
      114.190
      110.095
      110.286
      108.429
      114.762
      119.667
      114.095
      108.667
      104.000
      100.714
      98.1429
      104.286
      105.333
      98.1905
      96.6190
      100.524
      101.190
      93.4286
