X-values

      0.00000000
       4.5000000
       9.0000000
       13.500000
       18.000000
       22.500000
       27.000000
       31.500000
       36.000000
       40.500000
       45.000000
       49.500000
       54.000000
       58.500000
       63.000000
       67.500000
       72.000000
       76.500000
       81.000000
       85.500000
       90.000000
       94.500000
       99.000000
       103.50000
       108.00000
       112.50000
       117.00000
       121.50000
       126.00000
       130.50000
       135.00000
       139.50000
       144.00000
       148.50000
       153.00000
       157.50000
       162.00000
       166.50000
       171.00000
       175.50000
       180.00000
       184.50000
       189.00000
       193.50000
       198.00000
       202.50000
       207.00000
       211.50000
       216.00000
       220.50000
       225.00000
       229.50000
       234.00000
       238.50000
       243.00000
       247.50000
       252.00000
       256.50000
       261.00000

Y-values

      22.6957
      16.3478
      18.4130
      16.2174
      16.1739
      13.7609
      18.1304
      16.3043
      15.3043
      14.6522
      18.4130
      15.4348
      15.6087
      15.6522
      25.4348
      122.935
      144.370
      147.326
      112.152
      80.5435
      53.5217
      56.3913
      68.6957
      74.9130
      75.9565
      67.8478
      66.4130
      57.9130
      67.9348
      68.0217
      71.4130
      68.3696
      68.4565
      65.6304
      65.0870
      62.5217
      60.4783
      60.8913
      56.6957
      60.1087
      59.5435
      58.9783
      56.0652
      57.0870
      59.8478
      56.6739
      58.7391
      53.7391
      55.0435
      51.3478
      47.3261
      45.3913
      47.2609
      46.8696
      47.2826
      48.7826
      48.2174
      47.6739
      48.6087
