X-values

      0.00000000
       2.1300000
       4.2700000
       6.4000000
       8.5400000
       10.680000
       12.810000
       14.950000
       17.080000
       19.220000
       21.360000
       23.490000
       25.630000
       27.770000
       29.900000
       32.040000
       34.170000
       36.310000
       38.450000
       40.580000
       42.720000
       44.850000
       46.990000
       49.130000
       51.260000
       53.400000
       55.540000
       57.670000
       59.810000
       61.940000
       64.080000
       66.220000
       68.350000
       70.490000
       72.620000
       74.760000
       76.900000
       79.030000
       81.170000
       83.300000
       85.440000
       87.580000
       89.710000
       91.850000
       93.980000
       96.120000
       98.260000
       100.39000
       102.53000
       104.67000
       106.80000
       108.94000
       111.08000
       113.21000
       115.35000
       117.48000
       119.62000
       121.76000
       123.89000
       126.03000
       128.16000
       130.30000
       132.44000
       134.57000
       136.71000
       138.84000
       140.98000
       143.12000
       145.25000
       147.39000
       149.52000
       151.66000
       153.80000
       155.93000
       158.07000
       160.21000
       162.34000
       164.48000
       166.61000
       168.75000
       170.89000
       173.02000
       175.16000
       177.30000
       179.43000
       181.57000
       183.70000
       185.84000
       187.98000
       190.11000
       192.25000
       194.38000
       196.52000
       198.66000
       200.79000
       202.93000
       205.07000
       207.20000
       209.34000
       211.47000
       213.61000
       215.75000
       217.88000
       220.02000
       222.15000
       224.29000
       226.43000
       228.56000
       230.70000
       232.83000
       234.97000
       237.11000
       239.24000
       241.38000
       243.52000
       245.65000
       247.79000
       249.92000
       252.06000
       254.20000
       256.33000
       258.47000
       260.60000
       262.74000
       264.88000

Y-values

 6.63363e+006
 5.40211e+006
 5.23056e+006
 5.81820e+006
 5.13456e+006
 5.28708e+006
 5.92585e+006
 5.11099e+006
 5.63160e+006
 5.63245e+006
 4.93518e+006
 5.33366e+006
 5.46403e+006
 5.20841e+006
 5.39927e+006
 6.00253e+006
 5.10304e+006
 4.93205e+006
 5.71169e+006
 5.83865e+006
 7.11988e+006
 1.27026e+007
 1.85347e+007
 2.18987e+007
 2.30785e+007
 2.22745e+007
 2.15434e+007
 1.93303e+007
 1.77991e+007
 1.55332e+007
 1.37277e+007
 1.26881e+007
 1.24206e+007
 1.20738e+007
 1.18838e+007
 1.24445e+007
 1.22581e+007
 1.13964e+007
 1.20693e+007
 1.19443e+007
 1.13828e+007
 1.12933e+007
 1.17813e+007
 1.11059e+007
 1.10772e+007
 1.14629e+007
 1.14813e+007
 1.16577e+007
 1.15361e+007
 1.15006e+007
 1.17111e+007
 1.07713e+007
 1.11135e+007
 1.15844e+007
 1.06997e+007
 1.10317e+007
 1.09471e+007
 1.18423e+007
 1.01172e+007
 1.05483e+007
 1.09567e+007
 1.05773e+007
 1.04375e+007
 1.04469e+007
 1.10615e+007
 9.95727e+006
 1.03734e+007
 1.11919e+007
 1.03469e+007
 1.03506e+007
 1.07466e+007
 1.04495e+007
 9.87831e+006
 9.89421e+006
 1.07287e+007
 9.90529e+006
 9.93511e+006
 1.01760e+007
 1.02683e+007
 9.72806e+006
 1.00712e+007
 1.02277e+007
 9.96209e+006
 9.77805e+006
 1.04779e+007
 1.02183e+007
 9.90955e+006
 9.93114e+006
 9.80361e+006
 9.61615e+006
 9.60905e+006
 1.02245e+007
 9.80020e+006
 9.37474e+006
 9.58520e+006
 9.85331e+006
 9.97630e+006
 9.31765e+006
 9.56304e+006
 9.88938e+006
 9.03164e+006
 9.79566e+006
 9.81980e+006
 9.06004e+006
 9.63518e+006
 9.59315e+006
 9.30600e+006
 9.59343e+006
 1.02092e+007
 9.25175e+006
 9.15490e+006
 1.03606e+007
 9.30685e+006
 9.09128e+006
 9.39376e+006
 9.28271e+006
 9.08191e+006
 9.49431e+006
 9.71386e+006
 8.56442e+006
 9.35599e+006
 9.57554e+006
 9.31140e+006
 8.95807e+006
 9.33923e+006
