X-values

      0.00000000
       2.1300000
       4.2600000
       6.3900000
       8.5200000
       10.650000
       12.780000
       14.910000
       17.040000
       19.170000
       21.300000
       23.430000
       25.560000
       27.690000
       29.820000
       31.950000
       34.080000
       36.210000
       38.340000
       40.470000
       42.600000
       44.730000
       46.860000
       48.990000
       51.120000
       53.250000
       55.380000
       57.510000
       59.640000
       61.770000
       63.900000
       66.030000
       68.160000
       70.290000
       72.420000
       74.550000
       76.680000
       78.810000
       80.940000
       83.070000
       85.200000
       87.330000
       89.460000
       91.590000
       93.720000
       95.850000
       97.980000
       100.11000
       102.24000
       104.37000
       106.50000
       108.63000
       110.76000
       112.89000
       115.02000
       117.15000
       119.28000
       121.41000
       123.54000
       125.67000
       127.80000
       129.93000
       132.06000
       134.19000
       136.32000
       138.45000
       140.58000
       142.71000
       144.84000
       146.97000
       149.10000
       151.23000
       153.36000
       155.49000
       157.62000
       159.75000
       161.88000
       164.01000
       166.14000
       168.27000
       170.40000
       172.53000
       174.66000
       176.79000
       178.92000
       181.05000
       183.18000
       185.31000
       187.44000
       189.57000
       191.70000
       193.83000
       195.96000
       198.09000
       200.22000
       202.35000
       204.48000
       206.61000
       208.74000
       210.87000
       213.00000
       215.13000
       217.26000
       219.39000
       221.52000
       223.65000
       225.78000
       227.91000
       230.04000
       232.17000
       234.30000
       236.43000
       238.56000
       240.69000
       242.82000
       244.95000
       247.08000
       249.21000
       251.34000
       253.47000
       255.60000
       257.73000
       259.86000
       261.99000
       264.12000

Y-values

 3.86722e+006
 4.79209e+006
 3.68717e+006
 3.63908e+006
 4.44316e+006
 3.46238e+006
 3.48922e+006
 4.31567e+006
 4.28101e+006
 3.99806e+006
 4.24634e+006
 7.65504e+006
 2.24697e+007
 3.36609e+007
 3.64691e+007
 3.58584e+007
 3.77719e+007
 3.39617e+007
 2.83354e+007
 2.08481e+007
 1.61645e+007
 1.29493e+007
 1.36594e+007
 1.39032e+007
 1.55785e+007
 1.53056e+007
 1.63199e+007
 1.59990e+007
 1.58089e+007
 1.50618e+007
 1.41358e+007
 1.38562e+007
 1.29124e+007
 1.43237e+007
 1.37567e+007
 1.48001e+007
 1.42913e+007
 1.47900e+007
 1.48549e+007
 1.44579e+007
 1.43226e+007
 1.38641e+007
 1.40620e+007
 1.34917e+007
 1.41045e+007
 1.40575e+007
 1.33284e+007
 1.44668e+007
 1.35912e+007
 1.34234e+007
 1.27849e+007
 1.32613e+007
 1.33384e+007
 1.30723e+007
 1.30700e+007
 1.26563e+007
 1.32356e+007
 1.23632e+007
 1.28788e+007
 1.23934e+007
 1.31371e+007
 1.24684e+007
 1.22883e+007
 1.31998e+007
 1.24538e+007
 1.24717e+007
 1.18164e+007
 1.24404e+007
 1.19081e+007
 1.15569e+007
 1.28050e+007
 1.22089e+007
 1.24303e+007
 1.16151e+007
 1.20613e+007
 1.18958e+007
 1.20166e+007
 1.10470e+007
 1.17728e+007
 1.07696e+007
 1.17996e+007
 1.06086e+007
 1.13321e+007
 1.12785e+007
 1.12717e+007
 1.11454e+007
 1.15100e+007
 1.08613e+007
 1.10347e+007
 1.02720e+007
 1.06321e+007
 1.16218e+007
 1.03950e+007
 1.12941e+007
 1.06399e+007
 1.10548e+007
 1.09910e+007
 1.10760e+007
 1.09407e+007
 1.09709e+007
 1.12449e+007
 1.08211e+007
 1.10816e+007
 1.05392e+007
 1.07864e+007
 1.01993e+007
 1.08468e+007
 1.14115e+007
 1.01892e+007
 1.08602e+007
 1.02843e+007
 1.09351e+007
 1.07830e+007
 1.07651e+007
 1.06276e+007
 1.05146e+007
 1.15133e+007
 1.05124e+007
 1.03726e+007
 1.01288e+007
 1.09060e+007
 1.03089e+007
 1.03089e+007
 1.00986e+007
 1.09195e+007
