X-values

      0.00000000
       2.1300000
       4.2700000
       6.4000000
       8.5400000
       10.680000
       12.810000
       14.950000
       17.080000
       19.220000
       21.360000
       23.490000
       25.630000
       27.770000
       29.900000
       32.040000
       34.170000
       36.310000
       38.450000
       40.580000
       42.720000
       44.850000
       46.990000
       49.130000
       51.260000
       53.400000
       55.540000
       57.670000
       59.810000
       61.940000
       64.080000
       66.220000
       68.350000
       70.490000
       72.620000
       74.760000
       76.900000
       79.030000
       81.170000
       83.300000
       85.440000
       87.580000
       89.710000
       91.850000
       93.980000
       96.120000
       98.260000
       100.39000
       102.53000
       104.67000
       106.80000
       108.94000
       111.08000
       113.21000
       115.35000
       117.48000
       119.62000
       121.76000
       123.89000
       126.03000
       128.16000
       130.30000
       132.44000
       134.57000
       136.71000
       138.84000
       140.98000
       143.12000
       145.25000
       147.39000
       149.52000
       151.66000
       153.80000
       155.93000
       158.07000
       160.21000
       162.34000
       164.48000
       166.61000
       168.75000
       170.89000
       173.02000
       175.16000
       177.30000
       179.43000
       181.57000
       183.70000
       185.84000
       187.98000
       190.11000
       192.25000
       194.38000
       196.52000
       198.66000
       200.79000
       202.93000
       205.07000
       207.20000
       209.34000
       211.47000
       213.61000
       215.75000
       217.88000
       220.02000
       222.15000
       224.29000
       226.43000
       228.56000
       230.70000
       232.83000
       234.97000
       237.11000
       239.24000
       241.38000
       243.52000
       245.65000
       247.79000
       249.92000
       252.06000
       254.20000
       256.33000
       258.47000
       260.60000
       262.74000
       264.88000

Y-values

      285.749
      234.940
      251.606
      329.242
      335.745
      344.688
      319.486
      294.692
      265.832
      356.475
      911.309
      1979.52
      2352.66
      2173.40
      1930.74
      1578.33
      1194.62
      920.251
      688.562
      668.239
      624.340
      780.425
      951.956
      1034.06
      1110.48
      1098.29
      1021.87
      1054.79
      808.878
      881.636
      792.213
      775.141
      691.001
      861.313
      892.611
      883.669
      937.729
      857.248
      849.119
      924.316
      913.341
      827.169
      845.867
      817.007
      882.043
      797.090
      935.697
      823.104
      803.187
      777.580
      884.075
      832.453
      814.162
      832.047
      742.623
      756.850
      801.968
      814.975
      800.749
      732.461
      718.235
      727.990
      783.677
      786.928
      750.346
      683.278
      832.860
      784.896
      739.778
      745.062
      721.893
      759.695
      771.889
      750.346
      700.350
      696.692
      721.080
      671.897
      726.364
      729.616
      728.803
      673.929
      691.001
      686.937
      674.336
      789.774
      717.422
      749.533
      788.148
      643.038
      709.699
      694.659
      694.659
      684.904
      726.771
      703.195
      665.800
      715.389
      739.778
      686.530
      629.624
      726.364
      668.239
      675.149
      689.782
      725.551
      712.544
      658.484
      733.274
      712.544
      716.609
      676.368
      656.045
      641.818
      642.631
      697.911
      683.278
      679.214
      698.318
      690.188
      655.638
      701.569
      643.038
      708.073
      577.596
