X-values

      0.00000000
       2.1300001
       4.2600002
       6.3900003
       8.5200005
       10.650001
       12.780001
       14.910001
       17.040001
       19.170001
       21.300001
       23.430001
       25.560001
       27.690001
       29.820002
       31.950002
       34.080002
       36.210002
       38.340002
       40.470002
       42.600002
       44.730002
       46.860003
       48.990003
       51.120003
       53.250003
       55.380003
       57.510003
       59.640003
       61.770003
       63.900003
       66.030004
       68.160004
       70.290004
       72.420004
       74.550004
       76.680004
       78.810004
       80.940004
       83.070004
       85.200005
       87.330005
       89.460005
       91.590005
       93.720005
       95.850005
       97.980005
       100.11001
       102.24001
       104.37001
       106.50001
       108.63001
       110.76001
       112.89001
       115.02001
       117.15001
       119.28001
       121.41001
       123.54001
       125.67001
       127.80001
       129.93001
       132.06001
       134.19001
       136.32001
       138.45001
       140.58001
       142.71001
       144.84001
       146.97001
       149.10001
       151.23001
       153.36001
       155.49001
       157.62001
       159.75001
       161.88001
       164.01001
       166.14001
       168.27001
       170.40001
       172.53001
       174.66001
       176.79001
       178.92001
       181.05001
       183.18001
       185.31001
       187.44001
       189.57001
       191.70001
       193.83001
       195.96001
       198.09001
       200.22001
       202.35001
       204.48001
       206.61001
       208.74001
       210.87001
       213.00001
       215.13001
       217.26001
       219.39001
       221.52001
       223.65001
       225.78001
       227.91001
       230.04001
       232.17001
       234.30001
       236.43001
       238.56001
       240.69001
       242.82001
       244.95001
       247.08001
       249.21001
       251.34001
       253.47001
       255.60001
       257.73001
       259.86001
       261.99001
       264.12001

Y-values

      166.602
      148.504
      165.085
      142.720
      161.357
      168.942
      144.919
      147.297
      166.962
      170.958
      146.226
      161.760
      178.182
      160.230
      153.566
      170.709
      206.657
      255.704
      248.877
      256.323
      254.969
      278.128
      259.875
      267.608
      278.657
      228.860
      244.881
      275.088
      262.365
      235.324
      251.685
      261.856
      248.960
      256.372
      263.186
      282.911
      276.277
      268.465
      282.916
      272.394
      285.176
      277.350
      290.538
      293.099
      284.414
      313.745
      308.119
      294.284
      308.340
      300.019
      311.595
      300.058
      266.688
      298.953
      307.695
      301.207
      314.995
      316.897
      306.962
      324.146
      309.141
      312.291
      328.157
      279.547
      338.904
      327.066
      314.453
      343.735
      313.182
      315.402
      327.476
      321.003
      329.743
      318.522
      341.353
      321.885
      312.669
      341.947
      322.367
      338.759
      319.818
      340.820
      304.832
      343.539
      312.580
      317.638
      326.378
      326.361
      320.608
      340.463
      358.423
      315.558
      314.828
      336.477
      339.519
      322.593
      329.658
      293.773
      315.930
      313.610
      325.580
      335.229
      309.425
      327.443
      342.513
      285.365
      328.817
      306.194
      305.317
      329.267
      329.418
      307.057
      323.752
      317.683
      319.274
      289.124
      303.775
      307.267
      288.908
      305.566
      316.370
      287.162
      308.500
      327.174
      325.399
