X-values

      0.00000000
       2.1300000
       4.2700000
       6.4000000
       8.5400000
       10.680000
       12.810000
       14.950000
       17.080000
       19.220000
       21.360000
       23.490000
       25.630000
       27.770000
       29.900000
       32.040000
       34.170000
       36.310000
       38.450000
       40.580000
       42.720000
       44.850000
       46.990000
       49.130000
       51.260000
       53.400000
       55.540000
       57.670000
       59.810000
       61.940000
       64.080000
       66.220000
       68.350000
       70.490000
       72.620000
       74.760000
       76.900000
       79.030000
       81.170000
       83.300000
       85.440000
       87.580000
       89.710000
       91.850000
       93.980000
       96.120000
       98.260000
       100.39000
       102.53000
       104.67000
       106.80000
       108.94000
       111.08000
       113.21000
       115.35000
       117.48000
       119.62000
       121.76000
       123.89000
       126.03000
       128.16000
       130.30000
       132.44000
       134.57000
       136.71000
       138.84000
       140.98000
       143.12000
       145.25000
       147.39000
       149.52000
       151.66000
       153.80000
       155.93000
       158.07000
       160.21000
       162.34000
       164.48000
       166.61000
       168.75000
       170.89000
       173.02000
       175.16000
       177.30000
       179.43000
       181.57000
       183.70000
       185.84000
       187.98000
       190.11000
       192.25000
       194.38000
       196.52000
       198.66000
       200.79000
       202.93000
       205.07000
       207.20000
       209.34000
       211.47000
       213.61000
       215.75000
       217.88000
       220.02000
       222.15000
       224.29000
       226.43000
       228.56000
       230.70000
       232.83000
       234.97000
       237.11000
       239.24000
       241.38000
       243.52000
       245.65000
       247.79000
       249.92000
       252.06000
       254.20000
       256.33000
       258.47000
       260.60000
       262.74000
       264.88000

Y-values

      257.757
      238.241
      358.484
      332.030
      165.416
      245.517
      258.946
      453.140
      239.849
      258.093
      260.317
      371.198
      214.692
      313.197
      438.705
      623.744
      590.683
      606.951
      638.808
      738.388
      537.473
      597.923
      620.910
      579.993
      537.217
      557.978
      548.065
      570.884
      589.306
      533.582
      523.058
      533.485
      528.516
      522.292
      528.849
      545.531
      469.057
      505.399
      535.068
      668.217
      768.944
      518.949
      535.480
      582.193
      624.627
      556.030
      518.037
      542.942
      758.140
      580.000
      544.051
      523.018
      540.601
      500.754
      525.825
      534.864
      563.464
      515.301
      543.117
      539.033
      589.816
      580.736
      522.066
      534.953
      604.427
      538.269
      512.510
      509.472
      561.657
      527.717
      543.140
      510.327
      652.381
      505.968
      494.442
      523.213
      476.748
      691.687
      530.904
      527.480
      641.232
      617.190
      530.933
      477.050
      560.118
      629.269
      537.705
      535.666
      564.673
      613.641
      474.925
      522.037
      471.636
      584.972
      702.814
      626.075
      555.570
      521.978
      667.197
      711.038
      558.343
      521.518
      540.474
      585.364
      500.024
      537.062
      518.905
      558.814
      648.437
      515.911
      537.277
      497.476
      535.503
      593.868
      518.197
      542.604
      531.311
      628.773
      696.361
      465.178
      525.598
      425.516
      573.359
      543.398
      513.087
