X-values

      0.00000000
       2.1300000
       4.2700000
       6.4000000
       8.5400000
       10.680000
       12.810000
       14.950000
       17.080000
       19.220000
       21.360000
       23.490000
       25.630000
       27.770000
       29.900000
       32.040000
       34.170000
       36.310000
       38.450000
       40.580000
       42.720000
       44.850000
       46.990000
       49.130000
       51.260000
       53.400000
       55.540000
       57.670000
       59.810000
       61.940000
       64.080000
       66.220000
       68.350000
       70.490000
       72.620000
       74.760000
       76.900000
       79.030000
       81.170000
       83.300000
       85.440000
       87.580000
       89.710000
       91.850000
       93.980000
       96.120000
       98.260000
       100.39000
       102.53000
       104.67000
       106.80000
       108.94000
       111.08000
       113.21000
       115.35000
       117.48000
       119.62000
       121.76000
       123.89000
       126.03000
       128.16000
       130.30000
       132.44000
       134.57000
       136.71000
       138.84000
       140.98000
       143.12000
       145.25000
       147.39000
       149.52000
       151.66000
       153.80000
       155.93000
       158.07000
       160.21000
       162.34000
       164.48000
       166.61000
       168.75000
       170.89000
       173.02000
       175.16000
       177.30000
       179.43000
       181.57000
       183.70000
       185.84000
       187.98000
       190.11000
       192.25000
       194.38000
       196.52000
       198.66000
       200.79000
       202.93000
       205.07000
       207.20000
       209.34000
       211.47000
       213.61000
       215.75000
       217.88000
       220.02000
       222.15000
       224.29000
       226.43000
       228.56000
       230.70000
       232.83000
       234.97000
       237.11000
       239.24000
       241.38000
       243.52000
       245.65000
       247.79000
       249.92000
       252.06000
       254.20000
       256.33000
       258.47000
       260.60000
       262.74000
       264.88000

Y-values

      467.924
      536.851
      465.258
      506.481
      552.369
      532.567
      512.289
      485.156
      528.283
      499.722
      1399.30
      2428.06
      2153.31
      1640.83
      1334.08
      1183.85
      1208.41
      1155.01
      1272.30
      1307.90
      1346.65
      1326.85
      1257.25
      1145.20
      1155.01
      1161.38
      1143.96
      1161.57
      1205.84
      1201.18
      1140.15
      1167.29
      1091.22
      1124.06
      1152.34
      1077.70
      1101.98
      1050.95
      1107.21
      1060.09
      1075.42
      1111.97
      987.543
      1066.47
      1022.67
      1060.75
      1079.99
      1028.58
      1049.62
      1040.29
      991.827
      1055.80
      964.123
      1094.17
      1018.20
      1025.72
      1007.15
      978.213
      970.216
      1012.20
      978.213
      1014.10
      992.303
      950.318
      930.040
      963.647
      1000.11
      933.563
      950.414
      982.973
      861.018
      956.887
      915.284
      909.667
      947.748
      919.187
      949.462
      895.957
      1000.78
      908.239
      986.591
      871.966
      942.321
      937.180
      914.522
      931.087
      849.308
      928.612
      880.630
      966.313
      888.817
      891.769
      946.225
      925.756
      886.818
      916.426
      904.050
      924.899
      895.101
      814.654
      905.763
      884.438
      859.590
      900.813
      842.929
      895.577
      890.245
      903.383
      875.203
      887.199
      882.629
      888.912
      887.675
      895.957
      883.391
      869.301
      887.199
      822.270
      871.490
      875.394
      863.017
      909.000
      883.105
      866.920
      912.237
