X-values

      0.00000000
       2.1300001
       4.2600002
       6.3900003
       8.5200005
       10.650001
       12.780001
       14.910001
       17.040001
       19.170001
       21.300001
       23.430001
       25.560001
       27.690001
       29.820002
       31.950002
       34.080002
       36.210002
       38.340002
       40.470002
       42.600002
       44.730002
       46.860003
       48.990003
       51.120003
       53.250003
       55.380003
       57.510003
       59.640003
       61.770003
       63.900003
       66.030004
       68.160004
       70.290004
       72.420004
       74.550004
       76.680004
       78.810004
       80.940004
       83.070004
       85.200005
       87.330005
       89.460005
       91.590005
       93.720005
       95.850005
       97.980005
       100.11001
       102.24001
       104.37001
       106.50001
       108.63001
       110.76001
       112.89001
       115.02001
       117.15001
       119.28001
       121.41001
       123.54001
       125.67001
       127.80001
       129.93001
       132.06001
       134.19001
       136.32001
       138.45001
       140.58001
       142.71001
       144.84001
       146.97001
       149.10001
       151.23001
       153.36001
       155.49001
       157.62001
       159.75001
       161.88001
       164.01001
       166.14001
       168.27001
       170.40001
       172.53001
       174.66001
       176.79001
       178.92001
       181.05001
       183.18001
       185.31001
       187.44001
       189.57001
       191.70001
       193.83001
       195.96001
       198.09001
       200.22001
       202.35001
       204.48001
       206.61001
       208.74001
       210.87001
       213.00001
       215.13001
       217.26001
       219.39001
       221.52001
       223.65001
       225.78001
       227.91001
       230.04001
       232.17001
       234.30001
       236.43001
       238.56001
       240.69001
       242.82001
       244.95001
       247.08001
       249.21001
       251.34001
       253.47001
       255.60001
       257.73001
       259.86001
       261.99001
       264.12001

Y-values

      133.579
      137.400
      173.714
      126.896
      128.358
      141.475
      110.316
      193.479
      110.454
      181.561
      150.180
      196.313
      132.819
      279.830
      247.269
      408.776
      347.301
      417.804
      324.937
      310.699
      292.932
      251.435
      260.125
      288.262
      271.603
      282.440
      280.368
      324.114
      303.144
      284.396
      332.599
      282.404
      270.584
      321.830
      277.385
      347.918
      259.026
      315.909
      267.172
      372.250
      265.484
      295.424
      304.737
      259.005
      361.097
      275.630
      335.042
      259.314
      265.918
      260.113
      259.341
      287.754
      347.100
      275.398
      324.600
      290.302
      372.398
      282.338
      338.046
      294.206
      277.464
      278.638
      273.315
      288.359
      262.197
      294.041
      323.406
      290.413
      301.871
      368.116
      291.254
      304.991
      277.842
      344.134
      374.528
      291.076
      315.905
      302.392
      313.257
      331.098
      362.990
      314.586
      334.638
      319.322
      396.538
      315.386
      348.004
      312.546
      297.743
      304.558
      407.621
      312.006
      300.537
      307.724
      303.155
      349.272
      300.725
      319.884
      360.800
      314.568
      327.365
      342.855
      322.465
      333.127
      383.164
      325.535
      317.251
      292.928
      324.506
      400.410
      313.811
      294.389
      316.738
      401.686
      312.480
      380.967
      310.175
      320.126
      341.899
      317.754
      319.440
      356.228
      303.128
      324.683
      289.771
