X-values

      0.00000000
       2.1300001
       4.2600002
       6.3900003
       8.5200004
       10.650001
       12.780001
       14.910001
       17.040001
       19.170001
       21.300001
       23.430001
       25.560001
       27.690001
       29.820001
       31.950002
       34.080002
       36.210002
       38.340002
       40.470002
       42.600002
       44.730002
       46.860002
       48.990002
       51.120002
       53.250003
       55.380003
       57.510003
       59.640003
       61.770003
       63.900003
       66.030003
       68.160003
       70.290003
       72.420003
       74.550004
       76.680004
       78.810004
       80.940004
       83.070004
       85.200004
       87.330004
       89.460004
       91.590004
       93.720004
       95.850005
       97.980005
       100.11000
       102.24000
       104.37000
       106.50001
       108.63001
       110.76001
       112.89001
       115.02001
       117.15001
       119.28001
       121.41001
       123.54001
       125.67001
       127.80001
       129.93001
       132.06001
       134.19001
       136.32001
       138.45001
       140.58001
       142.71001
       144.84001
       146.97001
       149.10001
       151.23001
       153.36001
       155.49001
       157.62001
       159.75001
       161.88001
       164.01001
       166.14001
       168.27001
       170.40001
       172.53001
       174.66001
       176.79001
       178.92001
       181.05001
       183.18001
       185.31001
       187.44001
       189.57001
       191.70001
       193.83001
       195.96001
       198.09001
       200.22001
       202.35001
       204.48001
       206.61001
       208.74001
       210.87001
       213.00001
       215.13001
       217.26001
       219.39001
       221.52001
       223.65001
       225.78001
       227.91001
       230.04001
       232.17001
       234.30001
       236.43001
       238.56001
       240.69001
       242.82001
       244.95001
       247.08001
       249.21001
       251.34001
       253.47001
       255.60001
       257.73001
       259.86001
       261.99001
       264.12001

Y-values

      149.273
      156.636
      129.727
      165.432
      136.432
      164.409
      170.068
      179.864
      192.705
      177.159
      176.477
      223.205
      496.864
      1193.02
      1339.07
      1269.75
      1035.68
      749.705
      508.023
      342.659
      313.364
      336.114
      388.909
      415.750
      480.864
      477.886
      442.977
      435.091
      397.068
      409.000
      426.068
      420.000
      446.909
      463.636
      474.977
      482.227
      450.364
      451.841
      469.136
      433.273
      447.068
      406.545
      417.318
      421.909
      427.750
      419.114
      392.386
      386.432
      390.318
      426.205
      385.477
      386.614
      381.295
      382.114
      355.682
      396.841
      407.818
      420.909
      379.000
      396.818
      398.682
      396.886
      375.477
      364.182
      365.727
      377.636
      394.341
      396.091
      373.614
      402.795
      360.727
      389.250
      380.750
      333.432
      361.977
      353.682
      384.727
      399.250
      379.659
      381.159
      396.409
      345.455
      369.068
      351.932
      342.864
      393.205
      362.773
      332.182
      348.227
      370.750
      358.886
      355.977
      337.909
      370.614
      402.682
      356.364
      369.409
      342.705
      352.250
      357.500
      311.818
      342.955
      378.636
      328.114
      330.364
      347.477
      347.545
      331.091
      343.455
      331.136
      360.614
      290.227
      336.750
      337.114
      335.023
      393.205
      340.295
      340.795
      349.568
      355.386
      337.295
      364.705
      363.227
      361.773
      364.318
