X-values

      0.00000000
       2.1300001
       4.2600002
       6.3900003
       8.5200005
       10.650001
       12.780001
       14.910001
       17.040001
       19.170001
       21.300001
       23.430001
       25.560001
       27.690001
       29.820002
       31.950002
       34.080002
       36.210002
       38.340002
       40.470002
       42.600002
       44.730002
       46.860003
       48.990003
       51.120003
       53.250003
       55.380003
       57.510003
       59.640003
       61.770003
       63.900003
       66.030004
       68.160004
       70.290004
       72.420004
       74.550004
       76.680004
       78.810004
       80.940004
       83.070004
       85.200005
       87.330005
       89.460005
       91.590005
       93.720005
       95.850005
       97.980005
       100.11001
       102.24001
       104.37001
       106.50001
       108.63001
       110.76001
       112.89001
       115.02001
       117.15001
       119.28001
       121.41001
       123.54001
       125.67001
       127.80001
       129.93001
       132.06001
       134.19001
       136.32001
       138.45001
       140.58001
       142.71001
       144.84001
       146.97001
       149.10001
       151.23001
       153.36001
       155.49001
       157.62001
       159.75001
       161.88001
       164.01001
       166.14001
       168.27001
       170.40001
       172.53001
       174.66001
       176.79001
       178.92001
       181.05001
       183.18001
       185.31001
       187.44001
       189.57001
       191.70001
       193.83001
       195.96001
       198.09001
       200.22001
       202.35001
       204.48001
       206.61001
       208.74001
       210.87001
       213.00001
       215.13001
       217.26001
       219.39001
       221.52001
       223.65001
       225.78001
       227.91001
       230.04001
       232.17001
       234.30001
       236.43001
       238.56001
       240.69001
       242.82001
       244.95001
       247.08001
       249.21001
       251.34001
       253.47001
       255.60001
       257.73001
       259.86001
       261.99001
       264.12001

Y-values

      290.833
      273.667
      236.833
      302.833
      221.833
      269.333
      301.333
      300.333
      327.500
      302.333
      1424.17
      2519.00
      2489.00
      2190.50
      1708.83
      1258.50
      933.333
      895.167
      885.500
      1029.17
      971.167
      1036.00
      985.500
      883.000
      833.500
      839.667
      774.333
      715.500
      791.667
      679.000
      762.500
      778.500
      742.667
      816.167
      743.667
      823.500
      714.833
      712.333
      726.000
      694.667
      731.333
      665.000
      724.333
      727.500
      724.000
      830.333
      723.833
      733.167
      699.000
      681.500
      718.667
      674.333
      704.167
      774.333
      670.167
      685.167
      709.667
      640.500
      667.833
      718.333
      668.833
      681.833
      711.833
      663.000
      623.667
      644.500
      604.667
      688.000
      694.667
      688.500
      660.167
      596.333
      672.333
      640.833
      645.667
      590.667
      694.667
      649.833
      615.833
      653.667
      626.833
      654.333
      687.000
      618.000
      700.667
      635.500
      709.167
      650.667
      670.500
      626.500
      658.167
      615.500
      614.000
      640.333
      662.000
      626.833
      669.667
      598.833
      591.500
      637.667
      595.000
      646.333
      629.333
      606.833
      631.833
      728.833
      639.833
      594.167
      590.000
      610.833
      601.167
      571.167
      610.667
      582.500
      646.500
      611.667
      571.167
      628.500
      610.000
      636.667
      588.667
      615.333
      601.333
      588.500
      630.500
