X-values

      0.00000000
       2.1300000
       4.2600000
       6.3900000
       8.5200000
       10.650000
       12.780000
       14.910000
       17.040000
       19.170000
       21.300000
       23.430000
       25.560000
       27.690000
       29.820000
       31.950000
       34.080000
       36.210000
       38.340000
       40.470000
       42.600000
       44.730000
       46.860000
       48.990000
       51.120000
       53.250000
       55.380000
       57.510000
       59.640000
       61.770000
       63.900000
       66.030000
       68.160000
       70.290000
       72.420000
       74.550000
       76.680000
       78.810000
       80.940000
       83.070000
       85.200000
       87.330000
       89.460000
       91.590000
       93.720000
       95.850000
       97.980000
       100.11000
       102.24000
       104.37000
       106.50000
       108.63000
       110.76000
       112.89000
       115.02000
       117.15000
       119.28000
       121.41000
       123.54000
       125.67000
       127.80000
       129.93000
       132.06000
       134.19000
       136.32000
       138.45000
       140.58000
       142.71000
       144.84000
       146.97000
       149.10000
       151.23000
       153.36000
       155.49000
       157.62000
       159.75000
       161.88000
       164.01000
       166.14000
       168.27000
       170.40000
       172.53000
       174.66000
       176.79000
       178.92000
       181.05000
       183.18000
       185.31000
       187.44000
       189.57000
       191.70000
       193.83000
       195.96000
       198.09000
       200.22000
       202.35000
       204.48000
       206.61000
       208.74000
       210.87000
       213.00000
       215.13000
       217.26000
       219.39000
       221.52000
       223.65000
       225.78000
       227.91000
       230.04000
       232.17000
       234.30000
       236.43000
       238.56000
       240.69000
       242.82000
       244.95000
       247.08000
       249.21000
       251.34000
       253.47000
       255.60000
       257.73000
       259.86000
       261.99000
       264.12000

Y-values

      519.100
      524.168
      531.697
      517.623
      488.779
      501.290
      541.138
      489.937
      510.701
      516.319
      542.991
      472.562
      519.100
      524.254
      613.450
      1878.52
      2991.03
      2808.50
      2300.89
      1670.99
      1260.93
      1094.03
      927.081
      863.515
      911.704
      1080.86
      1101.53
      1031.83
      1099.83
      969.333
      969.884
      900.033
      929.688
      960.008
      1004.61
      1019.43
      1098.03
      985.001
      1040.05
      972.143
      1061.31
      1075.76
      1001.25
      942.227
      960.124
      964.584
      1021.87
      942.922
      948.164
      882.368
      945.065
      943.125
      884.772
      1004.78
      912.891
      987.896
      876.373
      950.712
      948.367
      904.870
      976.544
      988.939
      950.626
      997.830
      971.274
      884.164
      862.183
      933.887
      910.140
      948.888
      914.571
      929.919
      920.594
      906.317
      932.642
      915.208
      910.864
      927.313
      909.822
      901.974
      883.787
      869.886
      817.035
      898.440
      838.031
      890.245
      927.603
      892.243
      919.320
      979.875
      910.488
      897.398
      868.728
      970.521
      840.521
      882.281
      842.085
      825.260
      897.861
      836.207
      852.163
      849.180
      877.387
      851.555
      957.547
      909.300
      899.512
      896.790
      853.669
      879.240
      807.479
      841.332
      873.188
      877.445
      844.141
      824.681
      708.466
      838.755
      847.153
      840.174
      816.398
      928.095
      805.017
      826.273
      738.931
