X-values

      0.00000000
       2.1300001
       4.2600002
       6.3900003
       8.5200005
       10.650001
       12.780001
       14.910001
       17.040001
       19.170001
       21.300001
       23.430001
       25.560001
       27.690001
       29.820002
       31.950002
       34.080002
       36.210002
       38.340002
       40.470002
       42.600002
       44.730002
       46.860003
       48.990003
       51.120003
       53.250003
       55.380003
       57.510003
       59.640003
       61.770003
       63.900003
       66.030004
       68.160004
       70.290004
       72.420004
       74.550004
       76.680004
       78.810004
       80.940004
       83.070004
       85.200005
       87.330005
       89.460005
       91.590005
       93.720005
       95.850005
       97.980005
       100.11001
       102.24001
       104.37001
       106.50001
       108.63001
       110.76001
       112.89001
       115.02001
       117.15001
       119.28001
       121.41001
       123.54001
       125.67001
       127.80001
       129.93001
       132.06001
       134.19001
       136.32001
       138.45001
       140.58001
       142.71001
       144.84001
       146.97001
       149.10001
       151.23001
       153.36001
       155.49001
       157.62001
       159.75001
       161.88001
       164.01001
       166.14001
       168.27001
       170.40001
       172.53001
       174.66001
       176.79001
       178.92001
       181.05001
       183.18001
       185.31001
       187.44001
       189.57001
       191.70001
       193.83001
       195.96001
       198.09001
       200.22001
       202.35001
       204.48001
       206.61001
       208.74001
       210.87001
       213.00001
       215.13001
       217.26001
       219.39001
       221.52001
       223.65001
       225.78001
       227.91001
       230.04001
       232.17001
       234.30001
       236.43001
       238.56001
       240.69001
       242.82001
       244.95001
       247.08001
       249.21001
       251.34001
       253.47001
       255.60001
       257.73001
       259.86001
       261.99001
       264.12001

Y-values

      238.941
      366.824
      315.118
      350.706
      406.353
      292.882
      290.765
      266.882
      303.471
      211.706
      257.471
      277.353
      288.118
      303.588
      319.471
      441.765
      1122.41
      1945.94
      2605.00
      2373.94
      1908.06
      1571.59
      1359.71
      1160.12
      1077.00
      1111.29
      1002.06
      998.882
      1038.18
      1066.82
      1050.29
      1041.76
      967.000
      960.706
      1000.00
      925.118
      985.176
      977.765
      983.118
      1005.00
      872.882
      919.235
      901.941
      836.588
      834.118
      880.176
      947.588
      811.588
      826.529
      853.294
      788.529
      714.294
      825.941
      721.353
      792.294
      776.588
      771.000
      815.588
      845.882
      796.588
      779.294
      684.471
      814.059
      747.235
      750.412
      762.706
      780.706
      712.000
      646.882
      750.765
      676.294
      721.235
      697.118
      687.412
      713.118
      499.176
      634.118
      711.294
      777.059
      664.647
      664.588
      707.059
      730.471
      725.412
      523.000
      715.000
      684.824
      627.176
      725.882
      686.765
      731.765
      731.882
      681.824
      730.706
      693.588
      652.000
      680.588
      695.118
      632.059
      665.824
      661.294
      636.882
      608.765
      651.765
      755.588
      670.529
      636.353
      724.118
      637.353
      603.000
      663.941
      544.118
      630.353
      628.706
      689.706
      688.059
      638.529
      662.706
      709.235
      637.294
      601.176
      665.647
      599.176
      656.882
      629.647
