X-values

      0.00000000
       2.1300000
       4.2700000
       6.4000000
       8.5400000
       10.680000
       12.810000
       14.950000
       17.080000
       19.220000
       21.360000
       23.490000
       25.630000
       27.770000
       29.900000
       32.040000
       34.170000
       36.310000
       38.450000
       40.580000
       42.720000
       44.850000
       46.990000
       49.130000
       51.260000
       53.400000
       55.540000
       57.670000
       59.810000
       61.940000
       64.080000
       66.220000
       68.350000
       70.490000
       72.620000
       74.760000
       76.900000
       79.030000
       81.170000
       83.300000
       85.440000
       87.580000
       89.710000
       91.850000
       93.980000
       96.120000
       98.260000
       100.39000
       102.53000
       104.67000
       106.80000
       108.94000
       111.08000
       113.21000
       115.35000
       117.48000
       119.62000
       121.76000
       123.89000
       126.03000
       128.16000
       130.30000
       132.44000
       134.57000
       136.71000
       138.84000
       140.98000
       143.12000
       145.25000
       147.39000
       149.52000
       151.66000
       153.80000
       155.93000
       158.07000
       160.21000
       162.34000
       164.48000
       166.61000
       168.75000
       170.89000
       173.02000
       175.16000
       177.30000
       179.43000
       181.57000
       183.70000
       185.84000
       187.98000
       190.11000
       192.25000
       194.38000
       196.52000
       198.66000
       200.79000
       202.93000
       205.07000
       207.20000
       209.34000
       211.47000
       213.61000
       215.75000
       217.88000
       220.02000
       222.15000
       224.29000
       226.43000
       228.56000
       230.70000
       232.83000
       234.97000
       237.11000
       239.24000
       241.38000
       243.52000
       245.65000
       247.79000
       249.92000
       252.06000
       254.20000
       256.33000
       258.47000
       260.60000
       262.74000
       264.88000

Y-values

      241.667
      192.209
      264.428
      265.271
      396.783
      277.917
      332.151
      299.554
      351.119
      264.850
      240.964
      596.580
      1955.67
      3150.10
      3503.18
      3295.66
      2757.53
      2215.75
      1716.82
      1249.08
      1060.95
      864.942
      837.263
      854.826
      904.143
      1063.61
      1013.60
      1195.55
      1266.64
      1327.76
      1252.17
      1369.35
      1331.13
      1312.03
      1220.56
      1037.06
      1121.64
      1092.14
      1019.08
      1054.06
      993.222
      1026.52
      1042.40
      973.271
      1045.35
      1030.03
      970.601
      1009.80
      972.006
      1000.39
      975.940
      1013.60
      915.383
      831.362
      914.540
      918.193
      838.949
      941.798
      874.637
      901.052
      881.241
      890.092
      895.853
      858.058
      921.846
      793.707
      891.497
      803.401
      843.445
      862.132
      817.873
      857.214
      848.222
      851.735
      870.703
      866.909
      870.281
      830.659
      786.401
      737.224
      776.987
      805.931
      855.107
      765.606
      799.186
      838.949
      791.740
      789.211
      712.776
      788.789
      811.410
      809.162
      805.790
      790.756
      755.490
      815.204
      770.383
      786.401
      781.202
      776.425
      803.401
      784.995
      786.963
      769.681
      767.011
      759.705
      694.651
      760.407
      803.261
      785.276
      756.192
      765.044
      812.534
      746.778
      800.451
      742.704
      748.886
      810.427
      752.258
      761.250
      872.529
      756.614
      774.598
      765.185
      730.339
