X-values

      0.00000000
       2.1300000
       4.2600000
       6.3900000
       8.5200000
       10.650000
       12.780000
       14.910000
       17.040000
       19.170000
       21.300000
       23.430000
       25.560000
       27.690000
       29.820000
       31.950000
       34.080000
       36.210000
       38.340000
       40.470000
       42.600000
       44.730000
       46.860000
       48.990000
       51.120000
       53.250000
       55.380000
       57.510000
       59.640000
       61.770000
       63.900000
       66.030000
       68.160000
       70.290000
       72.420000
       74.550000
       76.680000
       78.810000
       80.940000
       83.070000
       85.200000
       87.330000
       89.460000
       91.590000
       93.720000
       95.850000
       97.980000
       100.11000
       102.24000
       104.37000
       106.50000
       108.63000
       110.76000
       112.89000
       115.02000
       117.15000
       119.28000
       121.41000
       123.54000
       125.67000
       127.80000
       129.93000
       132.06000
       134.19000
       136.32000
       138.45000
       140.58000
       142.71000
       144.84000
       146.97000
       149.10000
       151.23000
       153.36000
       155.49000
       157.62000
       159.75000
       161.88000
       164.01000
       166.14000
       168.27000
       170.40000
       172.53000
       174.66000
       176.79000
       178.92000
       181.05000
       183.18000
       185.31000
       187.44000
       189.57000
       191.70000
       193.83000
       195.96000
       198.09000
       200.22000
       202.35000
       204.48000
       206.61000
       208.74000
       210.87000
       213.00000
       215.13000
       217.26000
       219.39000
       221.52000
       223.65000
       225.78000
       227.91000
       230.04000
       232.17000
       234.30000
       236.43000
       238.56000
       240.69000
       242.82000
       244.95000
       247.08000
       249.21000
       251.34000
       253.47000
       255.60000
       257.73000
       259.86000
       261.99000
       264.12000

Y-values

      302.031
      339.671
      317.667
      422.888
      320.624
      409.337
      310.425
      391.687
      311.533
      374.410
      310.597
      322.131
      429.516
      334.118
      356.554
      309.867
      380.146
      300.125
      395.159
      404.731
      550.743
      645.301
      696.847
      729.103
      763.198
      744.179
      794.884
      701.676
      674.041
      695.648
      674.871
      690.306
      706.285
      740.334
      660.669
      628.183
      671.518
      727.725
      622.790
      753.917
      626.394
      641.583
      689.697
      644.376
      659.977
      770.913
      632.584
      658.937
      683.788
      655.982
      711.088
      689.124
      665.260
      729.484
      688.601
      678.178
      678.374
      688.845
      677.765
      678.094
      671.640
      682.379
      692.319
      681.521
      715.616
      679.524
      801.648
      688.727
      677.052
      712.689
      691.120
      667.847
      691.123
      697.285
      721.839
      707.428
      695.719
      703.798
      698.916
      701.549
      720.584
      696.190
      802.851
      664.563
      689.248
      640.001
      718.849
      719.600
      681.820
      712.918
      713.961
      708.841
      694.927
      699.181
      711.088
      750.851
      701.631
      703.848
      765.033
      680.439
      695.409
      789.799
      663.106
      681.291
      791.381
      667.233
      683.622
      737.669
      782.251
      646.449
      689.073
      660.105
      690.622
      688.750
      692.893
      691.865
      697.409
      686.336
      722.061
      665.184
      694.000
      659.447
      660.407
      706.617
      671.975
