X-values

      0.00000000
       2.1300001
       4.2600002
       6.3900003
       8.5200005
       10.650001
       12.780001
       14.910001
       17.040001
       19.170001
       21.300001
       23.430001
       25.560001
       27.690001
       29.820002
       31.950002
       34.080002
       36.210002
       38.340002
       40.470002
       42.600002
       44.730002
       46.860003
       48.990003
       51.120003
       53.250003
       55.380003
       57.510003
       59.640003
       61.770003
       63.900003
       66.030004
       68.160004
       70.290004
       72.420004
       74.550004
       76.680004
       78.810004
       80.940004
       83.070004
       85.200005
       87.330005
       89.460005
       91.590005
       93.720005
       95.850005
       97.980005
       100.11001
       102.24001
       104.37001
       106.50001
       108.63001
       110.76001
       112.89001
       115.02001
       117.15001
       119.28001
       121.41001
       123.54001
       125.67001
       127.80001
       129.93001
       132.06001
       134.19001
       136.32001
       138.45001
       140.58001
       142.71001
       144.84001
       146.97001
       149.10001
       151.23001
       153.36001
       155.49001
       157.62001
       159.75001
       161.88001
       164.01001
       166.14001
       168.27001
       170.40001
       172.53001
       174.66001
       176.79001
       178.92001
       181.05001
       183.18001
       185.31001
       187.44001
       189.57001
       191.70001
       193.83001
       195.96001
       198.09001
       200.22001
       202.35001
       204.48001
       206.61001
       208.74001
       210.87001
       213.00001
       215.13001
       217.26001
       219.39001
       221.52001
       223.65001
       225.78001
       227.91001
       230.04001
       232.17001
       234.30001
       236.43001
       238.56001
       240.69001
       242.82001
       244.95001
       247.08001
       249.21001
       251.34001
       253.47001
       255.60001
       257.73001
       259.86001
       261.99001
       264.12001

Y-values

      256.320
      280.369
      309.990
      266.150
      244.292
      322.914
      238.638
      236.728
      267.533
      247.276
      265.675
      287.796
      260.435
      360.484
      533.668
      639.275
      865.730
      843.403
      798.821
      869.529
      790.480
      859.092
      721.707
      693.868
      758.448
      679.424
      712.262
      713.717
      711.047
      738.990
      690.228
      724.287
      692.766
      613.990
      724.760
      653.041
      763.355
      680.131
      665.103
      718.055
      641.335
      711.683
      675.806
      624.055
      704.200
      691.773
      688.594
      657.167
      680.757
      679.555
      626.107
      666.550
      659.751
      644.623
      675.800
      650.406
      658.671
      613.325
      652.958
      657.089
      617.715
      620.176
      641.346
      639.456
      670.816
      620.308
      713.717
      609.877
      581.910
      658.708
      601.879
      702.554
      608.042
      588.870
      642.391
      584.778
      644.563
      567.622
      638.267
      640.695
      587.009
      646.080
      610.288
      632.402
      617.781
      639.266
      639.148
      579.169
      620.895
      619.933
      672.264
      641.226
      631.897
      642.044
      568.663
      624.125
      594.553
      619.145
      626.035
      637.473
      619.966
      591.558
      602.308
      643.377
      562.533
      623.390
      616.454
      621.043
      631.685
      628.781
      688.163
      632.798
      616.738
      637.188
      590.991
      677.185
      558.702
      574.038
      612.623
      629.063
      625.549
      630.125
      592.165
      596.154
      578.713
