X-values

      0.00000000
       2.1300000
       4.2700000
       6.4000000
       8.5400000
       10.680000
       12.810000
       14.950000
       17.080000
       19.220000
       21.360000
       23.490000
       25.630000
       27.770000
       29.900000
       32.040000
       34.170000
       36.310000
       38.450000
       40.580000
       42.720000
       44.850000
       46.990000
       49.130000
       51.260000
       53.400000
       55.540000
       57.670000
       59.810000
       61.940000
       64.080000
       66.220000
       68.350000
       70.490000
       72.620000
       74.760000
       76.900000
       79.030000
       81.170000
       83.300000
       85.440000
       87.580000
       89.710000
       91.850000
       93.980000
       96.120000
       98.260000
       100.39000
       102.53000
       104.67000
       106.80000
       108.94000
       111.08000
       113.21000
       115.35000
       117.48000
       119.62000
       121.76000
       123.89000
       126.03000
       128.16000
       130.30000
       132.44000
       134.57000
       136.71000
       138.84000
       140.98000
       143.12000
       145.25000
       147.39000
       149.52000
       151.66000
       153.80000
       155.93000
       158.07000
       160.21000
       162.34000
       164.48000
       166.61000
       168.75000
       170.89000
       173.02000
       175.16000
       177.30000
       179.43000
       181.57000
       183.70000
       185.84000
       187.98000
       190.11000
       192.25000
       194.38000
       196.52000
       198.66000
       200.79000
       202.93000
       205.07000
       207.20000
       209.34000
       211.47000
       213.61000
       215.75000
       217.88000
       220.02000
       222.15000
       224.29000
       226.43000
       228.56000
       230.70000
       232.83000
       234.97000
       237.11000
       239.24000
       241.38000
       243.52000
       245.65000
       247.79000
       249.92000
       252.06000
       254.20000
       256.33000
       258.47000
       260.60000
       262.74000
       264.88000

Y-values

      591.148
      518.245
      516.542
      516.504
      505.434
      516.727
      532.536
      536.535
      510.358
      532.092
      480.220
      534.425
      524.169
      501.509
      521.725
      832.294
      1463.65
      1478.28
      1252.31
      1140.05
      932.226
      854.361
      786.975
      832.072
      869.949
      860.322
      823.519
      851.140
      899.384
      880.168
      930.523
      867.283
      889.721
      841.439
      858.138
      797.120
      861.507
      865.876
      836.774
      838.515
      815.077
      826.851
      821.409
      810.190
      774.979
      835.478
      786.494
      822.964
      800.823
      796.083
      796.343
      820.113
      821.705
      830.147
      797.120
      779.459
      770.277
      775.904
      772.646
      790.752
      747.506
      796.268
      784.865
      805.192
      804.451
      770.610
      766.093
      768.610
      790.159
      777.460
      753.467
      775.719
      735.399
      773.350
      776.904
      735.139
      766.870
      727.253
      758.095
      772.720
      753.282
      759.687
      760.391
      738.064
      789.123
      769.351
      769.684
      760.576
      779.533
      772.091
      746.025
      757.540
      768.685
      750.172
      755.985
      747.136
      753.171
      737.768
      746.136
      734.806
      755.689
      747.506
      707.000
      750.135
      715.331
      767.055
      720.922
      728.845
      757.873
      734.362
      745.729
      744.174
      747.395
      749.913
      749.320
      759.428
      742.545
      736.287
      754.800
      769.980
      739.212
      706.445
      731.585
      681.156
      726.327
