X-values

      0.00000000
       2.1300001
       4.2600002
       6.3900003
       8.5200005
       10.650001
       12.780001
       14.910001
       17.040001
       19.170001
       21.300001
       23.430001
       25.560001
       27.690001
       29.820002
       31.950002
       34.080002
       36.210002
       38.340002
       40.470002
       42.600002
       44.730002
       46.860003
       48.990003
       51.120003
       53.250003
       55.380003
       57.510003
       59.640003
       61.770003
       63.900003
       66.030004
       68.160004
       70.290004
       72.420004
       74.550004
       76.680004
       78.810004
       80.940004
       83.070004
       85.200005
       87.330005
       89.460005
       91.590005
       93.720005
       95.850005
       97.980005
       100.11001
       102.24001
       104.37001
       106.50001
       108.63001
       110.76001
       112.89001
       115.02001
       117.15001
       119.28001
       121.41001
       123.54001
       125.67001
       127.80001
       129.93001
       132.06001
       134.19001
       136.32001
       138.45001
       140.58001
       142.71001
       144.84001
       146.97001
       149.10001
       151.23001
       153.36001
       155.49001
       157.62001
       159.75001
       161.88001
       164.01001
       166.14001
       168.27001
       170.40001
       172.53001
       174.66001
       176.79001
       178.92001
       181.05001
       183.18001
       185.31001
       187.44001
       189.57001
       191.70001
       193.83001
       195.96001
       198.09001
       200.22001
       202.35001
       204.48001
       206.61001
       208.74001
       210.87001
       213.00001
       215.13001
       217.26001
       219.39001
       221.52001
       223.65001
       225.78001
       227.91001
       230.04001
       232.17001
       234.30001
       236.43001
       238.56001
       240.69001
       242.82001
       244.95001
       247.08001
       249.21001
       251.34001
       253.47001
       255.60001
       257.73001
       259.86001
       261.99001
       264.12001

Y-values

      210.602
      210.269
      214.775
      193.012
      203.049
      220.009
      183.281
      214.335
      177.124
      228.739
      208.104
      189.186
      233.749
      247.341
      311.906
      342.509
      395.153
      437.873
      442.435
      432.249
      432.788
      408.124
      373.178
      364.380
      359.136
      382.617
      333.092
      354.889
      386.565
      374.225
      346.826
      328.238
      358.886
      350.361
      353.035
      365.148
      342.160
      374.517
      376.850
      356.118
      374.100
      351.204
      380.586
      362.727
      342.832
      405.442
      375.527
      355.176
      366.536
      384.690
      365.440
      369.052
      360.713
      352.956
      434.112
      361.610
      366.583
      360.390
      361.873
      362.308
      344.961
      334.010
      355.140
      379.040
      341.724
      384.516
      378.225
      370.274
      386.824
      369.618
      353.016
      377.771
      365.320
      348.018
      382.508
      388.045
      356.374
      362.506
      384.114
      366.607
      370.280
      401.516
      364.914
      376.618
      392.820
      402.982
      375.927
      391.733
      378.473
      389.684
      370.922
      358.987
      377.163
      377.564
      355.535
      372.623
      393.493
      363.741
      379.835
      368.955
      374.330
      351.907
      382.904
      339.874
      394.553
      352.316
      379.258
      358.684
      340.733
      354.172
      370.379
      375.310
      381.917
      348.777
      332.458
      321.920
      359.062
      347.990
      391.697
      336.554
      358.751
      360.038
      396.189
      389.690
      342.326
