X-values

      0.00000000
       2.1300000
       4.2700000
       6.4000000
       8.5400000
       10.680000
       12.810000
       14.950000
       17.080000
       19.220000
       21.360000
       23.490000
       25.630000
       27.770000
       29.900000
       32.040000
       34.170000
       36.310000
       38.450000
       40.580000
       42.720000
       44.850000
       46.990000
       49.130000
       51.260000
       53.400000
       55.540000
       57.670000
       59.810000
       61.940000
       64.080000
       66.220000
       68.350000
       70.490000
       72.620000
       74.760000
       76.900000
       79.030000
       81.170000
       83.300000
       85.440000
       87.580000
       89.710000
       91.850000
       93.980000
       96.120000
       98.260000
       100.39000
       102.53000
       104.67000
       106.80000
       108.94000
       111.08000
       113.21000
       115.35000
       117.48000
       119.62000
       121.76000
       123.89000
       126.03000
       128.16000
       130.30000
       132.44000
       134.57000
       136.71000
       138.84000
       140.98000
       143.12000
       145.25000
       147.39000
       149.52000
       151.66000
       153.80000
       155.93000
       158.07000
       160.21000
       162.34000
       164.48000
       166.61000
       168.75000
       170.89000
       173.02000
       175.16000
       177.30000
       179.43000
       181.57000
       183.70000
       185.84000
       187.98000
       190.11000
       192.25000
       194.38000
       196.52000
       198.66000
       200.79000
       202.93000
       205.07000
       207.20000
       209.34000
       211.47000
       213.61000
       215.75000
       217.88000
       220.02000
       222.15000
       224.29000
       226.43000
       228.56000
       230.70000
       232.83000
       234.97000
       237.11000
       239.24000
       241.38000
       243.52000
       245.65000
       247.79000
       249.92000
       252.06000
       254.20000
       256.33000
       258.47000
       260.60000
       262.74000
       264.88000

Y-values

      439.558
      357.100
      382.581
      382.199
      377.271
      402.798
      365.857
      405.203
      370.669
      347.392
      476.592
      517.836
      833.659
      942.488
      1011.41
      911.326
      864.208
      745.033
      713.657
      717.308
      715.720
      762.883
      824.857
      753.403
      849.780
      717.740
      705.372
      750.339
      682.428
      741.655
      719.916
      765.416
      797.134
      783.826
      815.628
      728.257
      791.190
      722.286
      798.256
      835.756
      804.560
      802.804
      837.339
      782.377
      849.567
      885.694
      812.283
      807.510
      895.969
      844.642
      861.146
      828.028
      823.353
      867.785
      819.868
      906.809
      808.939
      894.457
      850.271
      905.426
      829.147
      866.037
      828.852
      849.723
      828.210
      859.515
      799.904
      869.581
      805.414
      873.003
      806.552
      882.335
      887.002
      842.658
      859.441
      841.005
      775.366
      853.127
      811.538
      833.317
      825.948
      805.673
      835.354
      814.582
      863.581
      802.323
      860.099
      794.300
      862.752
      824.096
      826.705
      853.310
      953.996
      843.395
      899.089
      870.173
      821.501
      814.907
      869.668
      819.945
      851.019
      832.833
      863.391
      806.705
      851.739
      798.121
      849.539
      811.874
      834.885
      816.674
      845.226
      798.859
      857.841
      859.448
      832.450
      834.106
      811.424
      855.977
      817.935
      793.211
      850.874
      840.479
      848.407
      838.721
      858.724
