X-values

      0.00000000
       2.1300001
       4.2600002
       6.3900003
       8.5200005
       10.650001
       12.780001
       14.910001
       17.040001
       19.170001
       21.300001
       23.430001
       25.560001
       27.690001
       29.820002
       31.950002
       34.080002
       36.210002
       38.340002
       40.470002
       42.600002
       44.730002
       46.860003
       48.990003
       51.120003
       53.250003
       55.380003
       57.510003
       59.640003
       61.770003
       63.900003
       66.030004
       68.160004
       70.290004
       72.420004
       74.550004
       76.680004
       78.810004
       80.940004
       83.070004
       85.200005
       87.330005
       89.460005
       91.590005
       93.720005
       95.850005
       97.980005
       100.11001
       102.24001
       104.37001
       106.50001
       108.63001
       110.76001
       112.89001
       115.02001
       117.15001
       119.28001
       121.41001
       123.54001
       125.67001
       127.80001
       129.93001
       132.06001
       134.19001
       136.32001
       138.45001
       140.58001
       142.71001
       144.84001
       146.97001
       149.10001
       151.23001
       153.36001
       155.49001
       157.62001
       159.75001
       161.88001
       164.01001
       166.14001
       168.27001
       170.40001
       172.53001
       174.66001
       176.79001
       178.92001
       181.05001
       183.18001
       185.31001
       187.44001
       189.57001
       191.70001
       193.83001
       195.96001
       198.09001
       200.22001
       202.35001
       204.48001
       206.61001
       208.74001
       210.87001
       213.00001
       215.13001
       217.26001
       219.39001
       221.52001
       223.65001
       225.78001
       227.91001
       230.04001
       232.17001
       234.30001
       236.43001
       238.56001
       240.69001
       242.82001
       244.95001
       247.08001
       249.21001
       251.34001
       253.47001
       255.60001
       257.73001
       259.86001
       261.99001
       264.12001

Y-values

      285.591
      173.909
      237.000
      275.273
      260.136
      261.955
      258.182
      220.182
      202.273
      271.818
      269.091
      718.636
      1362.82
      1510.91
      1188.32
      1122.59
      851.045
      696.273
      517.182
      470.591
      424.545
      528.273
      579.227
      374.500
      515.273
      480.409
      499.955
      544.545
      479.773
      461.409
      435.909
      500.045
      445.955
      508.364
      429.591
      505.364
      472.227
      496.500
      508.500
      509.091
      486.591
      401.045
      469.818
      451.818
      489.636
      440.636
      434.273
      489.045
      435.773
      453.455
      473.273
      484.455
      431.818
      477.409
      445.273
      480.000
      476.409
      433.727
      466.227
      519.727
      467.409
      552.318
      472.273
      436.000
      473.818
      454.000
      466.864
      455.273
      449.773
      424.000
      429.682
      434.545
      386.455
      460.136
      409.500
      433.409
      406.182
      453.136
      439.409
      498.182
      422.909
      492.909
      428.091
      383.591
      461.545
      552.227
      443.136
      429.636
      449.182
      444.318
      414.955
      599.682
      436.409
      406.909
      434.864
      382.045
      495.318
      438.727
      395.182
      416.318
      451.409
      446.227
      401.364
      357.545
      401.273
      404.182
      441.091
      410.000
      347.182
      423.455
      346.455
      442.682
      402.909
      662.364
      427.909
      314.273
      435.136
      412.273
      437.773
      395.636
      442.318
      405.636
      412.773
      412.727
      443.727
