X-values

      0.00000000
       2.1300001
       4.2600002
       6.3900003
       8.5200004
       10.650001
       12.780001
       14.910001
       17.040001
       19.170001
       21.300001
       23.430001
       25.560001
       27.690001
       29.820001
       31.950002
       34.080002
       36.210002
       38.340002
       40.470002
       42.600002
       44.730002
       46.860002
       48.990002
       51.120002
       53.250003
       55.380003
       57.510003
       59.640003
       61.770003
       63.900003
       66.030003
       68.160003
       70.290003
       72.420003
       74.550004
       76.680004
       78.810004
       80.940004
       83.070004
       85.200004
       87.330004
       89.460004
       91.590004
       93.720004
       95.850005
       97.980005
       100.11000
       102.24000
       104.37000
       106.50001
       108.63001
       110.76001
       112.89001
       115.02001
       117.15001
       119.28001
       121.41001
       123.54001
       125.67001
       127.80001
       129.93001
       132.06001
       134.19001
       136.32001
       138.45001
       140.58001
       142.71001
       144.84001
       146.97001
       149.10001
       151.23001
       153.36001
       155.49001
       157.62001
       159.75001
       161.88001
       164.01001
       166.14001
       168.27001
       170.40001
       172.53001
       174.66001
       176.79001
       178.92001
       181.05001
       183.18001
       185.31001
       187.44001
       189.57001
       191.70001
       193.83001
       195.96001
       198.09001
       200.22001
       202.35001
       204.48001
       206.61001
       208.74001
       210.87001
       213.00001
       215.13001
       217.26001
       219.39001
       221.52001
       223.65001
       225.78001
       227.91001
       230.04001
       232.17001
       234.30001
       236.43001
       238.56001
       240.69001
       242.82001
       244.95001
       247.08001
       249.21001
       251.34001
       253.47001
       255.60001
       257.73001
       259.86001
       261.99001
       264.12001

Y-values

      270.326
      291.130
      282.978
      280.022
      288.370
      293.370
      295.022
      290.370
      308.717
      288.500
      255.543
      247.565
      288.130
      342.217
      786.739
      1435.02
      1898.09
      2047.28
      1970.26
      1816.98
      1643.15
      1457.50
      1169.30
      1085.91
      917.217
      800.413
      785.326
      791.087
      727.500
      820.370
      821.913
      909.087
      869.609
      909.870
      902.913
      816.500
      964.000
      795.870
      759.652
      748.370
      685.870
      688.022
      633.478
      682.000
      672.543
      653.239
      685.935
      738.196
      684.717
      765.239
      697.152
      700.739
      736.457
      727.304
      826.674
      607.957
      733.783
      722.065
      754.196
      696.217
      702.978
      727.239
      682.543
      634.500
      629.478
      677.239
      672.196
      679.065
      760.696
      678.674
      622.804
      673.370
      646.761
      548.522
      638.196
      649.913
      630.109
      649.630
      633.587
      614.152
      633.565
      659.065
      584.174
      614.283
      610.065
      616.848
      560.630
      615.457
      570.630
      628.043
      589.239
      554.283
      594.522
      576.587
      637.913
      620.543
      672.261
      601.804
      590.130
      536.065
      591.848
      546.565
      626.587
      582.391
      552.239
      609.043
      576.696
      674.087
      598.935
      587.000
      531.065
      572.261
      578.543
      694.587
      616.326
      605.891
      584.891
      583.022
      607.413
      555.130
      584.913
      561.913
      579.717
      524.261
      559.913
