X-values

      0.00000000
       2.1300001
       4.2600002
       6.3900003
       8.5200005
       10.650001
       12.780001
       14.910001
       17.040001
       19.170001
       21.300001
       23.430001
       25.560001
       27.690001
       29.820002
       31.950002
       34.080002
       36.210002
       38.340002
       40.470002
       42.600002
       44.730002
       46.860003
       48.990003
       51.120003
       53.250003
       55.380003
       57.510003
       59.640003
       61.770003
       63.900003
       66.030004
       68.160004
       70.290004
       72.420004
       74.550004
       76.680004
       78.810004
       80.940004
       83.070004
       85.200005
       87.330005
       89.460005
       91.590005
       93.720005
       95.850005
       97.980005
       100.11001
       102.24001
       104.37001
       106.50001
       108.63001
       110.76001
       112.89001
       115.02001
       117.15001
       119.28001
       121.41001
       123.54001
       125.67001
       127.80001
       129.93001
       132.06001
       134.19001
       136.32001
       138.45001
       140.58001
       142.71001
       144.84001
       146.97001
       149.10001
       151.23001
       153.36001
       155.49001
       157.62001
       159.75001
       161.88001
       164.01001
       166.14001
       168.27001
       170.40001
       172.53001
       174.66001
       176.79001
       178.92001
       181.05001
       183.18001
       185.31001
       187.44001
       189.57001
       191.70001
       193.83001
       195.96001
       198.09001
       200.22001
       202.35001
       204.48001
       206.61001
       208.74001
       210.87001
       213.00001
       215.13001
       217.26001
       219.39001
       221.52001
       223.65001
       225.78001
       227.91001
       230.04001
       232.17001
       234.30001
       236.43001
       238.56001
       240.69001
       242.82001
       244.95001
       247.08001
       249.21001
       251.34001
       253.47001
       255.60001
       257.73001
       259.86001
       261.99001
       264.12001

Y-values

      133.171
      154.000
      158.024
      163.415
      128.512
      168.683
      156.268
      185.707
      168.610
      134.293
      204.829
      445.561
      867.512
      1026.49
      1037.02
      882.415
      729.902
      629.122
      512.244
      468.488
      485.902
      511.854
      573.781
      539.732
      569.268
      506.780
      472.561
      499.878
      462.293
      438.024
      442.073
      414.512
      430.146
      449.707
      440.098
      452.610
      429.561
      428.634
      461.488
      431.878
      405.756
      413.780
      428.341
      439.171
      392.244
      437.780
      422.439
      426.293
      405.902
      419.341
      406.927
      439.122
      401.000
      397.854
      384.439
      432.512
      396.829
      399.024
      387.366
      377.902
      395.732
      383.732
      383.000
      391.000
      345.195
      383.366
      356.927
      374.341
      376.195
      355.366
      359.780
      355.488
      385.195
      354.317
      380.000
      346.000
      355.171
      361.976
      357.073
      340.707
      380.659
      347.049
      340.634
      340.537
      365.049
      349.659
      335.805
      364.780
      352.488
      354.683
      331.293
      353.829
      348.610
      334.293
      339.756
      328.171
      361.293
      327.829
      325.878
      324.537
      329.878
      313.780
      337.268
      318.659
      310.780
      342.683
      324.488
      341.732
      315.805
      317.366
      350.390
      335.732
      342.463
      342.878
      307.098
      340.951
      334.585
      312.878
      308.024
      303.634
      305.122
      321.927
      317.146
      277.707
      308.049
