X-values

      0.00000000
       2.1300000
       4.2700000
       6.4000000
       8.5400000
       10.680000
       12.810000
       14.950000
       17.080000
       19.220000
       21.360000
       23.490000
       25.630000
       27.770000
       29.900000
       32.040000
       34.170000
       36.310000
       38.450000
       40.580000
       42.720000
       44.850000
       46.990000
       49.130000
       51.260000
       53.400000
       55.540000
       57.670000
       59.810000
       61.940000
       64.080000
       66.220000
       68.350000
       70.490000
       72.620000
       74.760000
       76.900000
       79.030000
       81.170000
       83.300000
       85.440000
       87.580000
       89.710000
       91.850000
       93.980000
       96.120000
       98.260000
       100.39000
       102.53000
       104.67000
       106.80000
       108.94000
       111.08000
       113.21000
       115.35000
       117.48000
       119.62000
       121.76000
       123.89000
       126.03000
       128.16000
       130.30000
       132.44000
       134.57000
       136.71000
       138.84000
       140.98000
       143.12000
       145.25000
       147.39000
       149.52000
       151.66000
       153.80000
       155.93000
       158.07000
       160.21000
       162.34000
       164.48000
       166.61000
       168.75000
       170.89000
       173.02000
       175.16000
       177.30000
       179.43000
       181.57000
       183.70000
       185.84000
       187.98000
       190.11000
       192.25000
       194.38000
       196.52000
       198.66000
       200.79000
       202.93000
       205.07000
       207.20000
       209.34000
       211.47000
       213.61000
       215.75000
       217.88000
       220.02000
       222.15000
       224.29000
       226.43000
       228.56000
       230.70000
       232.83000
       234.97000
       237.11000
       239.24000
       241.38000
       243.52000
       245.65000
       247.79000
       249.92000
       252.06000
       254.20000
       256.33000
       258.47000
       260.60000
       262.74000
       264.88000

Y-values

      276.506
      412.489
      322.970
      371.662
      442.713
      319.648
      372.611
      355.734
      310.877
      493.991
      313.838
      515.777
      466.683
      607.792
      907.551
      966.969
      1070.64
      986.084
      945.787
      1041.49
      847.077
      935.736
      769.241
      826.880
      759.469
      762.377
      796.116
      760.836
      954.377
      785.716
      835.400
      866.798
      815.558
      949.327
      867.419
      957.827
      870.402
      994.630
      896.452
      869.065
      927.261
      861.892
      844.951
      966.441
      855.883
      962.524
      870.612
      846.846
      901.729
      853.973
      927.828
      855.738
      915.887
      839.995
      889.160
      867.710
      956.190
      848.752
      1031.62
      861.686
      794.018
      862.844
      810.902
      839.385
      845.628
      1020.50
      823.040
      1081.99
      838.301
      808.815
      851.817
      814.705
      944.643
      821.422
      808.292
      888.836
      799.018
      784.859
      793.924
      782.431
      869.247
      790.844
      778.959
      866.542
      763.143
      890.607
      781.672
      731.612
      794.267
      761.929
      706.746
      780.219
      758.622
      962.251
      773.078
      754.544
      814.438
      739.276
      841.510
      768.961
      756.933
      871.240
      753.481
      748.026
      766.530
      728.505
      883.353
      694.024
      709.876
      901.695
      733.723
      668.885
      738.625
      748.785
      762.884
      737.728
      710.637
      766.428
      704.274
      688.111
      770.270
      711.864
      811.405
      682.472
      816.646
