X-values

      0.00000000
       2.1300001
       4.2600002
       6.3900003
       8.5200005
       10.650001
       12.780001
       14.910001
       17.040001
       19.170001
       21.300001
       23.430001
       25.560001
       27.690001
       29.820002
       31.950002
       34.080002
       36.210002
       38.340002
       40.470002
       42.600002
       44.730002
       46.860003
       48.990003
       51.120003
       53.250003
       55.380003
       57.510003
       59.640003
       61.770003
       63.900003
       66.030004
       68.160004
       70.290004
       72.420004
       74.550004
       76.680004
       78.810004
       80.940004
       83.070004
       85.200005
       87.330005
       89.460005
       91.590005
       93.720005
       95.850005
       97.980005
       100.11001
       102.24001
       104.37001
       106.50001
       108.63001
       110.76001
       112.89001
       115.02001
       117.15001
       119.28001
       121.41001
       123.54001
       125.67001
       127.80001
       129.93001
       132.06001
       134.19001
       136.32001
       138.45001
       140.58001
       142.71001
       144.84001
       146.97001
       149.10001
       151.23001
       153.36001
       155.49001
       157.62001
       159.75001
       161.88001
       164.01001
       166.14001
       168.27001
       170.40001
       172.53001
       174.66001
       176.79001
       178.92001
       181.05001
       183.18001
       185.31001
       187.44001
       189.57001
       191.70001
       193.83001
       195.96001
       198.09001
       200.22001
       202.35001
       204.48001
       206.61001
       208.74001
       210.87001
       213.00001
       215.13001
       217.26001
       219.39001
       221.52001
       223.65001
       225.78001
       227.91001
       230.04001
       232.17001
       234.30001
       236.43001
       238.56001
       240.69001
       242.82001
       244.95001
       247.08001
       249.21001
       251.34001
       253.47001
       255.60001
       257.73001
       259.86001
       261.99001
       264.12001

Y-values

      264.901
      327.237
      245.638
      276.552
      296.009
      291.495
      286.120
      241.059
      409.558
      239.148
      304.776
      238.927
      290.461
      324.354
      412.676
      498.518
      615.568
      650.013
      720.571
      734.427
      667.330
      693.698
      700.120
      675.010
      627.369
      620.842
      600.496
      621.059
      582.419
      569.190
      618.681
      638.266
      602.168
      584.015
      582.198
      579.503
      574.744
      585.728
      546.176
      584.989
      608.625
      582.177
      568.536
      574.349
      589.058
      590.013
      570.001
      577.618
      592.180
      608.464
      594.835
      610.977
      572.070
      600.506
      591.539
      590.944
      617.921
      608.381
      612.161
      614.853
      617.074
      590.331
      601.536
      624.563
      597.898
      592.779
      607.344
      618.421
      592.701
      623.807
      699.397
      614.597
      629.938
      701.566
      572.526
      589.287
      632.834
      605.419
      604.126
      638.578
      622.078
      605.566
      687.547
      698.871
      630.802
      642.298
      697.088
      609.562
      620.977
      659.766
      668.660
      619.519
      636.302
      744.870
      624.908
      635.219
      664.651
      640.410
      647.320
      644.391
      640.049
      637.822
      602.813
      608.391
      635.005
      604.118
      612.280
      630.111
      625.042
      611.210
      628.387
      616.168
      642.349
      638.024
      662.334
      651.452
      628.987
      679.760
      626.847
      665.588
      584.832
      642.621
      646.525
      655.062
      638.801
