X-values

      0.00000000
       2.1300001
       4.2600002
       6.3900003
       8.5200005
       10.650001
       12.780001
       14.910001
       17.040001
       19.170001
       21.300001
       23.430001
       25.560001
       27.690001
       29.820002
       31.950002
       34.080002
       36.210002
       38.340002
       40.470002
       42.600002
       44.730002
       46.860003
       48.990003
       51.120003
       53.250003
       55.380003
       57.510003
       59.640003
       61.770003
       63.900003
       66.030004
       68.160004
       70.290004
       72.420004
       74.550004
       76.680004
       78.810004
       80.940004
       83.070004
       85.200005
       87.330005
       89.460005
       91.590005
       93.720005
       95.850005
       97.980005
       100.11001
       102.24001
       104.37001
       106.50001
       108.63001
       110.76001
       112.89001
       115.02001
       117.15001
       119.28001
       121.41001
       123.54001
       125.67001
       127.80001
       129.93001
       132.06001
       134.19001
       136.32001
       138.45001
       140.58001
       142.71001
       144.84001
       146.97001
       149.10001
       151.23001
       153.36001
       155.49001
       157.62001
       159.75001
       161.88001
       164.01001
       166.14001
       168.27001
       170.40001
       172.53001
       174.66001
       176.79001
       178.92001
       181.05001
       183.18001
       185.31001
       187.44001
       189.57001
       191.70001
       193.83001
       195.96001
       198.09001
       200.22001
       202.35001
       204.48001
       206.61001
       208.74001
       210.87001
       213.00001
       215.13001
       217.26001
       219.39001
       221.52001
       223.65001
       225.78001
       227.91001
       230.04001
       232.17001
       234.30001
       236.43001
       238.56001
       240.69001
       242.82001
       244.95001
       247.08001
       249.21001
       251.34001
       253.47001
       255.60001
       257.73001
       259.86001
       261.99001
       264.12001

Y-values

      166.824
      185.191
      219.733
      175.820
      176.117
      180.905
      172.027
      201.813
      199.530
      187.503
      196.149
      198.802
      216.198
      233.409
      266.613
      321.938
      373.815
      504.906
      553.102
      571.944
      585.874
      512.534
      586.318
      551.886
      529.531
      497.143
      494.413
      523.307
      490.496
      483.796
      506.660
      495.718
      504.049
      506.981
      492.219
      506.528
      496.124
      500.444
      521.037
      490.684
      496.369
      520.647
      526.417
      505.207
      479.027
      527.398
      522.128
      530.457
      520.285
      527.588
      503.975
      518.367
      541.116
      547.850
      493.576
      500.106
      515.827
      515.912
      513.467
      519.587
      514.679
      502.040
      507.934
      495.696
      493.069
      518.007
      516.946
      490.192
      509.688
      506.140
      475.958
      466.530
      490.561
      506.840
      515.406
      462.538
      535.385
      500.164
      512.925
      511.567
      498.460
      480.950
      477.543
      465.666
      477.681
      503.369
      500.550
      422.186
      504.730
      486.946
      549.987
      514.785
      446.769
      484.441
      489.171
      479.621
      449.507
      447.974
      487.883
      423.948
      491.318
      493.361
      486.589
      447.095
      489.815
      483.671
      497.064
      456.945
      471.067
      476.033
      461.203
      441.229
      484.893
      440.545
      438.030
      434.837
      439.625
      433.912
      414.113
      487.086
      479.126
      485.964
      467.730
      474.388
      443.949
