X-values

      0.00000000
       2.1300000
       4.2600000
       6.3900000
       8.5200000
       10.650000
       12.780000
       14.910000
       17.040000
       19.170000
       21.300000
       23.430000
       25.560000
       27.690000
       29.820000
       31.950000
       34.080000
       36.210000
       38.340000
       40.470000
       42.600000
       44.730000
       46.860000
       48.990000
       51.120000
       53.250000
       55.380000
       57.510000
       59.640000
       61.770000
       63.900000
       66.030000
       68.160000
       70.290000
       72.420000
       74.550000
       76.680000
       78.810000
       80.940000
       83.070000
       85.200000
       87.330000
       89.460000
       91.590000
       93.720000
       95.850000
       97.980000
       100.11000
       102.24000
       104.37000
       106.50000
       108.63000
       110.76000
       112.89000
       115.02000
       117.15000
       119.28000
       121.41000
       123.54000
       125.67000
       127.80000
       129.93000
       132.06000
       134.19000
       136.32000
       138.45000
       140.58000
       142.71000
       144.84000
       146.97000
       149.10000
       151.23000
       153.36000
       155.49000
       157.62000
       159.75000
       161.88000
       164.01000
       166.14000
       168.27000
       170.40000
       172.53000
       174.66000
       176.79000
       178.92000
       181.05000
       183.18000
       185.31000
       187.44000
       189.57000
       191.70000
       193.83000
       195.96000
       198.09000
       200.22000
       202.35000
       204.48000
       206.61000
       208.74000
       210.87000
       213.00000
       215.13000
       217.26000
       219.39000
       221.52000
       223.65000
       225.78000
       227.91000
       230.04000
       232.17000
       234.30000
       236.43000
       238.56000
       240.69000
       242.82000
       244.95000
       247.08000
       249.21000
       251.34000
       253.47000
       255.60000
       257.73000
       259.86000
       261.99000
       264.12000

Y-values

      508.199
      378.612
      423.631
      357.233
      435.561
      436.638
      414.952
      348.708
      399.331
      464.344
      436.484
      415.985
      462.455
      398.254
      360.969
      411.239
      353.542
      590.196
      1031.21
      1670.20
      2017.55
      2251.46
      2289.86
      2113.30
      1835.34
      1684.64
      1473.32
      1301.28
      1100.26
      1187.25
      949.495
      1155.37
      1131.90
      1178.00
      1133.99
      1114.76
      1112.11
      1088.18
      1062.76
      1075.79
      1140.82
      1088.20
      1164.51
      1107.03
      1093.76
      1067.55
      1096.11
      1090.18
      1082.36
      1077.74
      1026.72
      1002.75
      1012.25
      995.086
      948.001
      972.653
      938.180
      1022.26
      913.198
      976.014
      921.767
      967.336
      920.075
      911.616
      861.477
      980.343
      916.230
      902.652
      949.209
      976.849
      937.696
      937.872
      909.243
      951.209
      913.286
      943.475
      857.215
      895.313
      798.617
      890.985
      835.815
      863.565
      858.182
      879.802
      759.222
      575.080
      810.284
      813.931
      830.520
      834.716
      872.573
      861.983
      852.887
      844.032
      900.653
      759.332
      872.353
      801.254
      751.598
      845.702
      827.070
      841.747
      903.355
      820.127
      805.450
      876.989
      848.910
      795.322
      794.025
      817.051
      776.756
      740.459
      768.451
      781.853
      785.654
      789.785
      741.404
      830.520
      814.151
      772.933
      815.601
      818.040
      836.386
      771.197
      825.950
