X-values

      0.00000000
       2.1300000
       4.2600000
       6.3900000
       8.5200000
       10.650000
       12.780000
       14.910000
       17.040000
       19.170000
       21.300000
       23.430000
       25.560000
       27.690000
       29.820000
       31.950000
       34.080000
       36.210000
       38.340000
       40.470000
       42.600000
       44.730000
       46.860000
       48.990000
       51.120000
       53.250000
       55.380000
       57.510000
       59.640000
       61.770000
       63.900000
       66.030000
       68.160000
       70.290000
       72.420000
       74.550000
       76.680000
       78.810000
       80.940000
       83.070000
       85.200000
       87.330000
       89.460000
       91.590000
       93.720000
       95.850000
       97.980000
       100.11000
       102.24000
       104.37000
       106.50000
       108.63000
       110.76000
       112.89000
       115.02000
       117.15000
       119.28000
       121.41000
       123.54000
       125.67000
       127.80000
       129.93000
       132.06000
       134.19000
       136.32000
       138.45000
       140.58000
       142.71000
       144.84000
       146.97000
       149.10000
       151.23000
       153.36000
       155.49000
       157.62000
       159.75000
       161.88000
       164.01000
       166.14000
       168.27000
       170.40000
       172.53000
       174.66000
       176.79000
       178.92000
       181.05000
       183.18000
       185.31000
       187.44000
       189.57000
       191.70000
       193.83000
       195.96000
       198.09000
       200.22000
       202.35000
       204.48000
       206.61000
       208.74000
       210.87000
       213.00000
       215.13000
       217.26000
       219.39000
       221.52000
       223.65000
       225.78000
       227.91000
       230.04000
       232.17000
       234.30000
       236.43000
       238.56000
       240.69000
       242.82000
       244.95000
       247.08000
       249.21000
       251.34000
       253.47000
       255.60000
       257.73000
       259.86000
       261.99000
       264.12000

Y-values

      376.608
      363.851
      391.336
      357.317
      391.471
      365.912
      375.014
      382.034
      377.973
      366.640
      404.799
      381.387
      481.512
      491.142
      678.131
      704.564
      891.040
      884.355
      974.130
      1009.53
      961.032
      1001.48
      908.613
      943.655
      814.205
      901.047
      864.247
      866.874
      845.523
      838.654
      820.183
      838.283
      829.201
      733.611
      824.261
      720.022
      778.495
      797.083
      708.666
      792.910
      811.838
      781.361
      793.494
      769.057
      803.344
      775.261
      782.960
      770.031
      790.868
      704.831
      759.864
      752.473
      765.932
      727.629
      701.187
      778.973
      764.105
      706.803
      791.137
      739.729
      691.396
      728.000
      698.914
      675.235
      669.866
      679.614
      664.946
      684.733
      742.284
      762.569
      741.891
      743.886
      675.521
      624.854
      690.520
      753.066
      657.447
      706.841
      675.499
      706.918
      685.216
      729.173
      660.885
      674.465
      668.542
      734.765
      731.908
      728.074
      697.090
      740.905
      772.991
      707.619
      725.754
      673.232
      724.091
      799.932
      652.579
      659.761
      658.121
      737.251
      631.392
      673.585
      729.363
      643.477
      664.723
      713.068
      643.753
      654.129
      713.248
      721.642
      666.322
      697.820
      690.616
      666.360
      729.762
      665.802
      664.917
      691.385
      698.191
      683.820
      702.449
      612.958
      657.413
      631.067
      632.834
