X-values

      0.00000000
       2.1300001
       4.2600002
       6.3900003
       8.5200005
       10.650001
       12.780001
       14.910001
       17.040001
       19.170001
       21.300001
       23.430001
       25.560001
       27.690001
       29.820002
       31.950002
       34.080002
       36.210002
       38.340002
       40.470002
       42.600002
       44.730002
       46.860003
       48.990003
       51.120003
       53.250003
       55.380003
       57.510003
       59.640003
       61.770003
       63.900003
       66.030004
       68.160004
       70.290004
       72.420004
       74.550004
       76.680004
       78.810004
       80.940004
       83.070004
       85.200005
       87.330005
       89.460005
       91.590005
       93.720005
       95.850005
       97.980005
       100.11001
       102.24001
       104.37001
       106.50001
       108.63001
       110.76001
       112.89001
       115.02001
       117.15001
       119.28001
       121.41001
       123.54001
       125.67001
       127.80001
       129.93001
       132.06001
       134.19001
       136.32001
       138.45001
       140.58001
       142.71001
       144.84001
       146.97001
       149.10001
       151.23001
       153.36001
       155.49001
       157.62001
       159.75001
       161.88001
       164.01001
       166.14001
       168.27001
       170.40001
       172.53001
       174.66001
       176.79001
       178.92001
       181.05001
       183.18001
       185.31001
       187.44001
       189.57001
       191.70001
       193.83001
       195.96001
       198.09001
       200.22001
       202.35001
       204.48001
       206.61001
       208.74001
       210.87001
       213.00001
       215.13001
       217.26001
       219.39001
       221.52001
       223.65001
       225.78001
       227.91001
       230.04001
       232.17001
       234.30001
       236.43001
       238.56001
       240.69001
       242.82001
       244.95001
       247.08001
       249.21001
       251.34001
       253.47001
       255.60001
       257.73001
       259.86001
       261.99001
       264.12001

Y-values

      394.841
      296.705
      303.977
      289.545
      332.432
      265.000
      326.205
      276.818
      327.795
      294.114
      365.682
      645.500
      986.932
      1132.41
      1026.55
      951.886
      710.273
      661.682
      482.955
      502.295
      424.182
      483.841
      448.864
      470.818
      592.545
      465.568
      472.136
      520.364
      426.295
      468.545
      458.727
      493.318
      422.205
      482.841
      479.023
      528.591
      446.500
      393.545
      411.023
      533.955
      467.864
      467.386
      414.000
      500.091
      466.273
      540.977
      462.318
      523.591
      458.091
      464.045
      441.000
      514.273
      468.750
      445.205
      508.636
      460.409
      529.045
      465.636
      487.841
      501.500
      509.614
      407.386
      464.818
      525.818
      444.273
      447.364
      451.159
      479.682
      370.682
      502.273
      407.136
      399.886
      409.659
      430.545
      511.364
      459.023
      415.364
      464.091
      480.023
      412.250
      484.318
      430.682
      462.227
      487.455
      453.682
      502.091
      411.205
      473.386
      438.159
      450.000
      452.977
      391.591
      459.068
      412.682
      477.091
      419.386
      483.841
      404.795
      513.341
      439.205
      440.818
      443.409
      444.295
      438.705
      422.159
      449.932
      418.364
      453.432
      423.273
      467.795
      418.523
      502.364
      415.636
      509.023
      412.023
      475.318
      455.136
      441.977
      417.364
      476.977
      438.818
      452.386
      440.705
      457.886
      398.182
