X-values

      0.00000000
       2.1300000
       4.2700000
       6.4000000
       8.5400000
       10.680000
       12.810000
       14.950000
       17.080000
       19.220000
       21.360000
       23.490000
       25.630000
       27.770000
       29.900000
       32.040000
       34.170000
       36.310000
       38.450000
       40.580000
       42.720000
       44.850000
       46.990000
       49.130000
       51.260000
       53.400000
       55.540000
       57.670000
       59.810000
       61.940000
       64.080000
       66.220000
       68.350000
       70.490000
       72.620000
       74.760000
       76.900000
       79.030000
       81.170000
       83.300000
       85.440000
       87.580000
       89.710000
       91.850000
       93.980000
       96.120000
       98.260000
       100.39000
       102.53000
       104.67000
       106.80000
       108.94000
       111.08000
       113.21000
       115.35000
       117.48000
       119.62000
       121.76000
       123.89000
       126.03000
       128.16000
       130.30000
       132.44000
       134.57000
       136.71000
       138.84000
       140.98000
       143.12000
       145.25000
       147.39000
       149.52000
       151.66000
       153.80000
       155.93000
       158.07000
       160.21000
       162.34000
       164.48000
       166.61000
       168.75000
       170.89000
       173.02000
       175.16000
       177.30000
       179.43000
       181.57000
       183.70000
       185.84000
       187.98000
       190.11000
       192.25000
       194.38000
       196.52000
       198.66000
       200.79000
       202.93000
       205.07000
       207.20000
       209.34000
       211.47000
       213.61000
       215.75000
       217.88000
       220.02000
       222.15000
       224.29000
       226.43000
       228.56000
       230.70000
       232.83000
       234.97000
       237.11000
       239.24000
       241.38000
       243.52000
       245.65000
       247.79000
       249.92000
       252.06000
       254.20000
       256.33000
       258.47000
       260.60000
       262.74000
       264.88000

Y-values

      220.490
      370.031
      252.636
      205.394
      321.997
      250.857
      382.374
      248.795
      334.168
      260.185
      319.246
      289.617
      305.513
      562.443
      652.814
      802.282
      806.786
      758.078
      772.490
      705.184
      772.471
      641.986
      614.136
      714.822
      568.573
      631.650
      586.661
      561.730
      737.292
      607.091
      593.462
      724.104
      621.878
      832.355
      643.984
      612.098
      699.021
      628.071
      821.494
      633.939
      745.565
      660.797
      657.291
      707.156
      641.725
      720.232
      671.837
      667.141
      833.310
      660.260
      793.121
      672.133
      784.164
      682.563
      660.303
      699.723
      636.757
      721.045
      626.719
      696.532
      634.709
      865.172
      650.455
      648.318
      664.026
      614.170
      766.044
      622.114
      746.098
      648.739
      609.019
      741.110
      634.579
      604.290
      790.202
      633.412
      602.755
      586.611
      792.601
      620.565
      595.185
      622.849
      643.060
      579.368
      590.738
      708.315
      580.617
      588.597
      619.128
      587.741
      692.440
      583.161
      478.275
      590.366
      570.302
      601.588
      571.342
      563.678
      595.691
      571.559
      517.608
      590.303
      553.947
      585.657
      567.743
      554.775
      632.418
      572.395
      548.590
      557.044
      602.306
      559.676
      533.820
      575.231
      568.210
      713.142
      550.330
      488.957
      579.316
      525.572
      623.446
      535.349
      538.557
      590.385
      536.159
