X-values

      0.00000000
       2.1300001
       4.2600002
       6.3900003
       8.5200005
       10.650001
       12.780001
       14.910001
       17.040001
       19.170001
       21.300001
       23.430001
       25.560001
       27.690001
       29.820002
       31.950002
       34.080002
       36.210002
       38.340002
       40.470002
       42.600002
       44.730002
       46.860003
       48.990003
       51.120003
       53.250003
       55.380003
       57.510003
       59.640003
       61.770003
       63.900003
       66.030004
       68.160004
       70.290004
       72.420004
       74.550004
       76.680004
       78.810004
       80.940004
       83.070004
       85.200005
       87.330005
       89.460005
       91.590005
       93.720005
       95.850005
       97.980005
       100.11001
       102.24001
       104.37001
       106.50001
       108.63001
       110.76001
       112.89001
       115.02001
       117.15001
       119.28001
       121.41001
       123.54001
       125.67001
       127.80001
       129.93001
       132.06001
       134.19001
       136.32001
       138.45001
       140.58001
       142.71001
       144.84001
       146.97001
       149.10001
       151.23001
       153.36001
       155.49001
       157.62001
       159.75001
       161.88001
       164.01001
       166.14001
       168.27001
       170.40001
       172.53001
       174.66001
       176.79001
       178.92001
       181.05001
       183.18001
       185.31001
       187.44001
       189.57001
       191.70001
       193.83001
       195.96001
       198.09001
       200.22001
       202.35001
       204.48001
       206.61001
       208.74001
       210.87001
       213.00001
       215.13001
       217.26001
       219.39001
       221.52001
       223.65001
       225.78001
       227.91001
       230.04001
       232.17001
       234.30001
       236.43001
       238.56001
       240.69001
       242.82001
       244.95001
       247.08001
       249.21001
       251.34001
       253.47001
       255.60001
       257.73001
       259.86001
       261.99001
       264.12001

Y-values

      210.312
      193.004
      245.830
      201.518
      246.901
      233.698
      183.860
      206.584
      163.873
      241.114
      239.828
      237.743
      263.702
      277.144
      262.288
      406.559
      449.668
      613.080
      599.057
      648.123
      677.991
      587.972
      746.027
      644.319
      576.160
      503.057
      579.087
      538.815
      495.701
      511.344
      553.377
      512.548
      573.694
      649.812
      582.549
      578.994
      575.531
      587.668
      554.561
      549.740
      568.098
      557.627
      586.415
      568.384
      526.804
      581.607
      516.849
      584.021
      578.825
      573.843
      548.850
      571.380
      533.084
      570.499
      556.905
      502.461
      508.418
      581.390
      566.873
      563.570
      572.859
      554.544
      570.776
      546.111
      573.339
      545.765
      561.668
      513.682
      590.942
      570.152
      504.390
      560.656
      558.055
      507.408
      517.195
      430.094
      604.803
      499.032
      509.229
      556.173
      547.913
      529.755
      543.600
      487.290
      574.784
      555.437
      478.053
      560.544
      581.950
      529.580
      535.714
      551.356
      446.536
      440.419
      532.333
      496.844
      470.257
      465.724
      533.218
      477.397
      482.641
      512.582
      526.898
      503.654
      529.134
      509.598
      569.288
      516.177
      473.111
      556.132
      506.521
      502.956
      463.191
      468.342
      503.139
      448.756
      471.444
      410.443
      383.998
      441.552
      525.219
      499.616
      524.717
      530.196
      526.233
