X-values

      0.00000000
       2.1300000
       4.2700000
       6.4000000
       8.5400000
       10.680000
       12.810000
       14.950000
       17.080000
       19.220000
       21.360000
       23.490000
       25.630000
       27.770000
       29.900000
       32.040000
       34.170000
       36.310000
       38.450000
       40.580000
       42.720000
       44.850000
       46.990000
       49.130000
       51.260000
       53.400000
       55.540000
       57.670000
       59.810000
       61.940000
       64.080000
       66.220000
       68.350000
       70.490000
       72.620000
       74.760000
       76.900000
       79.030000
       81.170000
       83.300000
       85.440000
       87.580000
       89.710000
       91.850000
       93.980000
       96.120000
       98.260000
       100.39000
       102.53000
       104.67000
       106.80000
       108.94000
       111.08000
       113.21000
       115.35000
       117.48000
       119.62000
       121.76000
       123.89000
       126.03000
       128.16000
       130.30000
       132.44000
       134.57000
       136.71000
       138.84000
       140.98000
       143.12000
       145.25000
       147.39000
       149.52000
       151.66000
       153.80000
       155.93000
       158.07000
       160.21000
       162.34000
       164.48000
       166.61000
       168.75000
       170.89000
       173.02000
       175.16000
       177.30000
       179.43000
       181.57000
       183.70000
       185.84000
       187.98000
       190.11000
       192.25000
       194.38000
       196.52000
       198.66000
       200.79000
       202.93000
       205.07000
       207.20000
       209.34000
       211.47000
       213.61000
       215.75000
       217.88000
       220.02000
       222.15000
       224.29000
       226.43000
       228.56000
       230.70000
       232.83000
       234.97000
       237.11000
       239.24000
       241.38000
       243.52000
       245.65000
       247.79000
       249.92000
       252.06000
       254.20000
       256.33000
       258.47000
       260.60000
       262.74000
       264.88000

Y-values

      401.543
      334.681
      327.604
      336.521
      294.032
      338.937
      349.290
      399.742
      343.725
      325.862
      334.219
      347.705
      326.131
      394.387
      474.787
      580.209
      703.288
      714.527
      720.684
      708.530
      666.120
      668.207
      673.398
      724.638
      704.478
      655.851
      728.184
      724.040
      729.526
      719.737
      702.568
      733.550
      703.888
      730.851
      729.300
      770.378
      693.980
      734.589
      769.501
      704.595
      749.430
      839.509
      750.172
      761.955
      758.267
      737.727
      768.437
      773.901
      769.298
      740.527
      764.999
      774.080
      784.862
      777.196
      724.233
      747.766
      782.635
      776.802
      798.500
      781.109
      772.619
      773.275
      721.548
      767.120
      770.216
      711.982
      775.207
      781.274
      771.397
      758.366
      737.492
      753.850
      800.204
      773.537
      828.312
      762.747
      696.508
      753.196
      765.420
      737.777
      765.726
      808.342
      751.968
      737.380
      740.492
      768.097
      726.287
      750.312
      896.573
      732.678
      849.554
      723.230
      739.701
      736.149
      785.733
      712.403
      746.212
      743.758
      731.282
      756.273
      719.440
      722.826
      704.874
      734.924
      772.560
      721.452
      681.295
      720.821
      761.577
      794.766
      720.506
      760.362
      702.479
      800.866
      686.137
      721.849
      732.343
      694.545
      724.333
      783.302
      702.926
      707.911
      679.361
      709.456
      683.283
