X-values

      0.00000000
       2.1300001
       4.2600002
       6.3900003
       8.5200005
       10.650001
       12.780001
       14.910001
       17.040001
       19.170001
       21.300001
       23.430001
       25.560001
       27.690001
       29.820002
       31.950002
       34.080002
       36.210002
       38.340002
       40.470002
       42.600002
       44.730002
       46.860003
       48.990003
       51.120003
       53.250003
       55.380003
       57.510003
       59.640003
       61.770003
       63.900003
       66.030004
       68.160004
       70.290004
       72.420004
       74.550004
       76.680004
       78.810004
       80.940004
       83.070004
       85.200005
       87.330005
       89.460005
       91.590005
       93.720005
       95.850005
       97.980005
       100.11001
       102.24001
       104.37001
       106.50001
       108.63001
       110.76001
       112.89001
       115.02001
       117.15001
       119.28001
       121.41001
       123.54001
       125.67001
       127.80001
       129.93001
       132.06001
       134.19001
       136.32001
       138.45001
       140.58001
       142.71001
       144.84001
       146.97001
       149.10001
       151.23001
       153.36001
       155.49001
       157.62001
       159.75001
       161.88001
       164.01001
       166.14001
       168.27001
       170.40001
       172.53001
       174.66001
       176.79001
       178.92001
       181.05001
       183.18001
       185.31001
       187.44001
       189.57001
       191.70001
       193.83001
       195.96001
       198.09001
       200.22001
       202.35001
       204.48001
       206.61001
       208.74001
       210.87001
       213.00001
       215.13001
       217.26001
       219.39001
       221.52001
       223.65001
       225.78001
       227.91001
       230.04001
       232.17001
       234.30001
       236.43001
       238.56001
       240.69001
       242.82001
       244.95001
       247.08001
       249.21001
       251.34001
       253.47001
       255.60001
       257.73001
       259.86001
       261.99001
       264.12001

Y-values

      135.853
      127.696
      152.089
      118.173
      134.660
      121.375
      188.937
      126.118
      103.814
      124.387
      107.027
      131.040
      121.265
      157.606
      154.849
      213.871
      226.632
      304.443
      279.308
      324.478
      280.330
      275.933
      322.769
      266.242
      275.178
      255.179
      305.560
      274.924
      248.202
      264.846
      252.160
      259.945
      252.579
      279.028
      253.998
      297.978
      266.480
      251.842
      261.744
      283.627
      259.349
      319.708
      260.087
      315.396
      268.000
      299.152
      273.002
      316.222
      279.298
      340.379
      275.102
      314.063
      279.849
      252.355
      288.876
      299.768
      291.106
      329.848
      290.725
      308.361
      297.693
      267.619
      355.486
      294.497
      298.704
      326.720
      293.170
      339.852
      302.467
      364.150
      302.958
      364.785
      293.329
      354.242
      304.533
      284.993
      306.798
      315.296
      292.388
      343.181
      306.330
      322.835
      308.019
      346.655
      309.028
      335.111
      307.904
      363.654
      312.657
      289.799
      311.836
      295.469
      312.059
      284.052
      314.011
      306.175
      313.857
      366.628
      301.799
      275.699
      299.304
      289.601
      305.132
      280.168
      310.690
      297.216
      316.979
      304.882
      352.983
      300.648
      345.756
      290.600
      337.951
      291.825
      328.388
      298.529
      327.487
      297.576
      326.838
      296.027
      322.274
      321.040
      294.171
      334.642
      302.540
