X-values

      0.00000000
       2.1300000
       4.2700000
       6.4000000
       8.5400000
       10.680000
       12.810000
       14.950000
       17.090000
       19.220000
       21.360000
       23.490000
       25.630000
       27.770000
       29.900000
       32.040000
       34.170000
       36.310000
       38.450000
       40.580000
       42.720000
       44.860000
       46.990000
       49.130000
       51.260000
       53.400000
       55.540000
       57.670000
       59.810000
       61.940000
       64.080000
       66.220000
       68.350000
       70.490000
       72.620000
       74.760000
       76.900000
       79.030000
       81.170000
       83.310000
       85.440000
       87.580000
       89.710000
       91.850000
       93.990000
       96.120000
       98.260000
       100.40000
       102.53000
       104.67000
       106.80000
       108.94000
       111.08000
       113.21000
       115.35000
       117.48000
       119.62000
       121.76000
       123.89000
       126.03000
       128.16000
       130.30000
       132.44000
       134.57000
       136.71000
       138.85000
       140.98000
       143.12000
       145.25000
       147.39000
       149.53000
       151.66000
       153.80000
       155.94000
       158.07000
       160.21000
       162.34000
       164.48000
       166.61000
       168.75000
       170.89000
       173.02000
       175.16000
       177.30000
       179.43000
       181.57000
       183.71000
       185.84000
       187.98000
       190.11000
       192.25000
       194.38000
       196.52000
       198.66000
       200.79000
       202.93000
       205.07000
       207.20000
       209.34000
       211.47000
       213.61000
       215.75000
       217.88000
       220.02000
       222.16000
       224.29000
       226.43000
       228.56000
       230.70000
       232.84000
       234.97000
       237.11000
       239.25000
       241.38000
       243.52000
       245.65000
       247.79000
       249.92000
       252.06000
       254.20000
       256.33000
       258.47000
       260.61000
       262.74000
       264.88000

Y-values

      306.880
      304.171
      215.104
      241.972
      234.492
      251.141
      216.115
      206.590
      339.403
      226.603
      325.001
      101.942
      315.773
      245.934
      255.000
      318.091
      166.608
      336.193
      178.060
      217.946
      265.092
      394.087
      280.384
      317.055
      229.665
      332.107
      250.281
      317.271
      264.889
      391.805
      413.626
      420.769
      471.867
      474.507
      504.407
      499.142
      489.757
      554.752
      509.518
      469.199
      500.813
      529.000
      504.300
      436.520
      470.315
      500.592
      646.129
      538.640
      429.319
      511.192
      541.657
      508.483
      555.298
      487.144
      544.328
      563.678
      475.492
      522.314
      511.239
      420.381
      480.058
      548.364
      467.717
      545.321
      546.932
      525.074
      516.678
      474.855
      508.889
      565.161
      419.170
      552.703
      541.329
      573.069
      520.334
      556.215
      495.801
      512.400
      534.288
      539.543
      521.499
      502.290
      534.399
      495.812
      554.111
      492.558
      530.807
      516.244
      520.207
      483.418
      556.658
      515.871
      494.718
      496.171
      551.789
      476.757
      523.450
      535.152
      520.638
      549.421
      596.173
      554.604
      498.264
      503.987
      577.668
      514.364
      496.673
      510.997
      516.371
      528.778
      497.686
      542.267
      522.104
      477.026
      466.826
      395.262
      464.859
      686.250
      536.025
      404.189
      491.368
      523.574
      478.817
      483.970
      466.164
