X-values

      0.00000000
       2.1300001
       4.2600002
       6.3900003
       8.5200005
       10.650001
       12.780001
       14.910001
       17.040001
       19.170001
       21.300001
       23.430001
       25.560001
       27.690001
       29.820002
       31.950002
       34.080002
       36.210002
       38.340002
       40.470002
       42.600002
       44.730002
       46.860003
       48.990003
       51.120003
       53.250003
       55.380003
       57.510003
       59.640003
       61.770003
       63.900003
       66.030004
       68.160004
       70.290004
       72.420004
       74.550004
       76.680004
       78.810004
       80.940004
       83.070004
       85.200005
       87.330005
       89.460005
       91.590005
       93.720005
       95.850005
       97.980005
       100.11001
       102.24001
       104.37001
       106.50001
       108.63001
       110.76001
       112.89001
       115.02001
       117.15001
       119.28001
       121.41001
       123.54001
       125.67001
       127.80001
       129.93001
       132.06001
       134.19001
       136.32001
       138.45001
       140.58001
       142.71001
       144.84001
       146.97001
       149.10001
       151.23001
       153.36001
       155.49001
       157.62001
       159.75001
       161.88001
       164.01001
       166.14001
       168.27001
       170.40001
       172.53001
       174.66001
       176.79001
       178.92001
       181.05001
       183.18001
       185.31001
       187.44001
       189.57001
       191.70001
       193.83001
       195.96001
       198.09001
       200.22001
       202.35001
       204.48001
       206.61001
       208.74001
       210.87001
       213.00001
       215.13001
       217.26001
       219.39001
       221.52001
       223.65001
       225.78001
       227.91001
       230.04001
       232.17001
       234.30001
       236.43001
       238.56001
       240.69001
       242.82001
       244.95001
       247.08001
       249.21001
       251.34001
       253.47001
       255.60001
       257.73001
       259.86001
       261.99001
       264.12001

Y-values

      273.034
      301.655
      273.276
      267.276
      349.621
      297.517
      311.069
      280.310
      255.690
      260.207
      254.759
      338.655
      518.655
      1711.31
      2644.72
      2621.28
      2445.90
      2072.62
      1697.00
      1317.24
      1043.48
      837.655
      735.379
      705.897
      805.966
      782.586
      870.172
      1000.14
      1001.62
      910.103
      952.724
      841.759
      904.103
      923.207
      762.862
      823.241
      897.414
      839.069
      815.655
      896.379
      884.517
      865.276
      922.483
      855.172
      912.310
      926.724
      923.655
      842.069
      918.241
      803.034
      872.034
      901.552
      808.000
      880.517
      899.000
      781.690
      860.966
      831.207
      794.586
      822.379
      829.690
      837.586
      769.276
      894.448
      834.448
      781.690
      848.621
      857.517
      873.862
      814.690
      831.724
      780.586
      803.621
      780.724
      821.172
      728.897
      825.897
      798.931
      666.897
      773.172
      787.966
      827.138
      772.586
      792.517
      796.621
      768.931
      766.138
      758.379
      744.828
      772.034
      711.586
      759.655
      807.483
      624.345
      757.138
      820.966
      727.448
      755.414
      784.379
      716.793
      794.897
      831.034
      801.379
      587.207
      802.034
      813.069
      695.966
      730.621
      759.655
      783.793
      780.655
      667.759
      753.276
      749.897
      825.172
      742.000
      751.310
      766.793
      718.172
      761.483
      798.448
      729.724
      718.069
      718.483
      742.241
