X-values

      0.00000000
       2.1300001
       4.2600002
       6.3900003
       8.5200005
       10.650001
       12.780001
       14.910001
       17.040001
       19.170001
       21.300001
       23.430001
       25.560001
       27.690001
       29.820002
       31.950002
       34.080002
       36.210002
       38.340002
       40.470002
       42.600002
       44.730002
       46.860003
       48.990003
       51.120003
       53.250003
       55.380003
       57.510003
       59.640003
       61.770003
       63.900003
       66.030004
       68.160004
       70.290004
       72.420004
       74.550004
       76.680004
       78.810004
       80.940004
       83.070004
       85.200005
       87.330005
       89.460005
       91.590005
       93.720005
       95.850005
       97.980005
       100.11001
       102.24001
       104.37001
       106.50001
       108.63001
       110.76001
       112.89001
       115.02001
       117.15001
       119.28001
       121.41001
       123.54001
       125.67001
       127.80001
       129.93001
       132.06001
       134.19001
       136.32001
       138.45001
       140.58001
       142.71001
       144.84001
       146.97001
       149.10001
       151.23001
       153.36001
       155.49001
       157.62001
       159.75001
       161.88001
       164.01001
       166.14001
       168.27001
       170.40001
       172.53001
       174.66001
       176.79001
       178.92001
       181.05001
       183.18001
       185.31001
       187.44001
       189.57001
       191.70001
       193.83001
       195.96001
       198.09001
       200.22001
       202.35001
       204.48001
       206.61001
       208.74001
       210.87001
       213.00001
       215.13001
       217.26001
       219.39001
       221.52001
       223.65001
       225.78001
       227.91001
       230.04001
       232.17001
       234.30001
       236.43001
       238.56001
       240.69001
       242.82001
       244.95001
       247.08001
       249.21001
       251.34001
       253.47001
       255.60001
       257.73001
       259.86001
       261.99001
       264.12001

Y-values

      248.807
      261.023
      247.822
      222.578
      254.084
      252.448
      226.827
      249.822
      260.019
      218.095
      255.709
      255.137
      245.961
      325.721
      374.768
      440.697
      451.492
      505.136
      481.048
      462.729
      486.058
      470.824
      434.187
      474.240
      406.455
      425.187
      464.720
      402.834
      428.471
      404.942
      419.013
      418.610
      369.213
      405.533
      389.815
      387.318
      393.250
      396.645
      366.886
      392.721
      419.401
      367.731
      408.015
      400.753
      428.530
      408.101
      434.223
      417.019
      384.349
      395.792
      430.012
      431.667
      420.670
      427.464
      401.618
      437.005
      376.678
      412.251
      405.247
      418.326
      414.081
      406.483
      413.669
      358.915
      394.117
      394.796
      386.311
      365.180
      393.549
      419.410
      392.668
      390.356
      374.638
      385.811
      417.438
      399.668
      371.756
      406.295
      355.554
      410.107
      374.523
      332.219
      407.017
      401.786
      414.063
      388.767
      392.031
      358.540
      391.129
      397.071
      403.942
      410.879
      419.793
      385.380
      375.512
      422.254
      413.052
      394.775
      340.791
      360.504
      397.582
      401.323
      396.136
      427.150
      398.452
      408.866
      391.930
      409.181
      398.674
      390.975
      415.930
      391.050
      410.989
      415.960
      382.364
      425.707
      346.784
      407.835
      384.199
      346.525
      392.109
      385.486
      424.687
      395.533
      408.945
