X-values

      0.00000000
       2.1300000
       4.2700000
       6.4000000
       8.5400000
       10.680000
       12.810000
       14.950000
       17.080000
       19.220000
       21.360000
       23.490000
       25.630000
       27.770000
       29.900000
       32.040000
       34.170000
       36.310000
       38.450000
       40.580000
       42.720000
       44.850000
       46.990000
       49.130000
       51.260000
       53.400000
       55.540000
       57.670000
       59.810000
       61.940000
       64.080000
       66.220000
       68.350000
       70.490000
       72.620000
       74.760000
       76.900000
       79.030000
       81.170000
       83.300000
       85.440000
       87.580000
       89.710000
       91.850000
       93.980000
       96.120000
       98.260000
       100.39000
       102.53000
       104.67000
       106.80000
       108.94000
       111.08000
       113.21000
       115.35000
       117.48000
       119.62000
       121.76000
       123.89000
       126.03000
       128.16000
       130.30000
       132.44000
       134.57000
       136.71000
       138.84000
       140.98000
       143.12000
       145.25000
       147.39000
       149.52000
       151.66000
       153.80000
       155.93000
       158.07000
       160.21000
       162.34000
       164.48000
       166.61000
       168.75000
       170.89000
       173.02000
       175.16000
       177.30000
       179.43000
       181.57000
       183.70000
       185.84000
       187.98000
       190.11000
       192.25000
       194.38000
       196.52000
       198.66000
       200.79000
       202.93000
       205.07000
       207.20000
       209.34000
       211.47000
       213.61000
       215.75000
       217.88000
       220.02000
       222.15000
       224.29000
       226.43000
       228.56000
       230.70000
       232.83000
       234.97000
       237.11000
       239.24000
       241.38000
       243.52000
       245.65000
       247.79000
       249.92000
       252.06000
       254.20000
       256.33000
       258.47000
       260.60000
       262.74000
       264.88000

Y-values

      459.777
      429.526
      442.359
      447.995
      461.082
      435.958
      425.737
      510.343
      481.334
      421.661
      389.341
      529.512
      1410.44
      2315.57
      2509.11
      2377.38
      2051.75
      1752.46
      1493.36
      1239.48
      967.222
      960.344
      925.158
      956.172
      1046.41
      1093.22
      1075.30
      1116.12
      1101.63
      1026.39
      959.707
      1056.22
      928.151
      936.780
      896.754
      851.569
      919.394
      991.772
      985.754
      1068.77
      1003.97
      1023.20
      987.028
      957.351
      1013.55
      921.846
      964.229
      936.016
      1091.47
      948.817
      959.834
      956.682
      925.731
      978.749
      943.404
      907.198
      948.817
      938.755
      980.373
      939.105
      889.080
      965.534
      883.539
      861.632
      938.245
      902.804
      927.132
      902.390
      916.656
      871.121
      898.919
      882.393
      894.175
      806.161
      873.381
      874.719
      696.718
      879.814
      927.355
      870.070
      866.854
      803.423
      959.707
      807.404
      811.065
      889.048
      831.349
      886.182
      788.234
      791.578
      869.146
      847.302
      734.261
      877.744
      872.267
      785.082
      835.616
      818.962
      859.753
      833.737
      821.127
      827.337
      839.373
      844.245
      775.879
      839.087
      812.435
      762.282
      874.687
      837.622
      859.371
      793.074
      794.412
      763.779
      835.138
      838.545
      798.838
      837.845
      860.676
      789.508
      787.120
      804.760
      855.422
      794.539
      802.213
