X-values

      0.00000000
       2.1300001
       4.2600002
       6.3900003
       8.5200004
       10.650001
       12.780001
       14.910001
       17.040001
       19.170001
       21.300001
       23.430001
       25.560001
       27.690001
       29.820001
       31.950002
       34.080002
       36.210002
       38.340002
       40.470002
       42.600002
       44.730002
       46.860002
       48.990002
       51.120002
       53.250003
       55.380003
       57.510003
       59.640003
       61.770003
       63.900003
       66.030003
       68.160003
       70.290003
       72.420003
       74.550004
       76.680004
       78.810004
       80.940004
       83.070004
       85.200004
       87.330004
       89.460004
       91.590004
       93.720004
       95.850005
       97.980005
       100.11000
       102.24000
       104.37000
       106.50001
       108.63001
       110.76001
       112.89001
       115.02001
       117.15001
       119.28001
       121.41001
       123.54001
       125.67001
       127.80001
       129.93001
       132.06001
       134.19001
       136.32001
       138.45001
       140.58001
       142.71001
       144.84001
       146.97001
       149.10001
       151.23001
       153.36001
       155.49001
       157.62001
       159.75001
       161.88001
       164.01001
       166.14001
       168.27001
       170.40001
       172.53001
       174.66001
       176.79001
       178.92001
       181.05001
       183.18001
       185.31001
       187.44001
       189.57001
       191.70001
       193.83001
       195.96001
       198.09001
       200.22001
       202.35001
       204.48001
       206.61001
       208.74001
       210.87001
       213.00001
       215.13001
       217.26001
       219.39001
       221.52001
       223.65001
       225.78001
       227.91001
       230.04001
       232.17001
       234.30001
       236.43001
       238.56001
       240.69001
       242.82001
       244.95001
       247.08001
       249.21001
       251.34001
       253.47001
       255.60001
       257.73001
       259.86001
       261.99001
       264.12001

Y-values

      101.000
      145.000
      149.667
      130.333
      161.000
      172.000
      103.000
      134.667
      192.333
      170.000
      124.667
      146.000
      166.000
      173.000
      219.333
      470.667
      1009.00
      1040.67
      930.333
      733.667
      480.000
      313.000
      279.333
      301.667
      350.667
      452.000
      460.667
      433.000
      406.000
      376.000
      342.667
      351.333
      334.000
      332.333
      353.667
      332.333
      360.000
      369.000
      314.000
      350.333
      322.667
      388.000
      288.000
      337.667
      368.000
      358.333
      321.333
      366.000
      345.667
      357.333
      367.000
      315.667
      333.000
      337.667
      310.333
      344.333
      342.000
      317.000
      319.000
      319.667
      340.000
      319.000
      326.667
      290.333
      317.667
      320.667
      317.000
      275.333
      289.667
      304.667
      317.000
      325.333
      294.000
      375.667
      283.333
      290.000
      308.667
      336.667
      305.667
      262.000
      298.333
      298.333
      289.333
      328.333
      299.000
      307.333
      292.333
      257.667
      318.000
      303.667
      305.333
      309.000
      298.000
      282.333
      288.667
      294.667
      259.667
      375.667
      267.000
      333.667
      260.667
      312.667
      275.333
      278.333
      246.333
      307.667
      297.333
      311.000
      307.667
      301.000
      324.333
      284.667
      340.333
      290.000
      295.000
      298.333
      273.333
      314.667
      223.000
      314.667
      266.333
      278.333
      253.333
      269.333
      310.000
