X-values

      0.00000000
       2.1300000
       4.2700000
       6.4000000
       8.5400000
       10.680000
       12.810000
       14.950000
       17.090000
       19.220000
       21.360000
       23.490000
       25.630000
       27.770000
       29.900000
       32.040000
       34.170000
       36.310000
       38.450000
       40.580000
       42.720000
       44.860000
       46.990000
       49.130000
       51.260000
       53.400000
       55.540000
       57.670000
       59.810000
       61.940000
       64.080000
       66.220000
       68.350000
       70.490000
       72.620000
       74.760000
       76.900000
       79.030000
       81.170000
       83.310000
       85.440000
       87.580000
       89.710000
       91.850000
       93.990000
       96.120000
       98.260000
       100.40000
       102.53000
       104.67000
       106.80000
       108.94000
       111.08000
       113.21000
       115.35000
       117.48000
       119.62000
       121.76000
       123.89000
       126.03000
       128.16000
       130.30000
       132.44000
       134.57000
       136.71000
       138.85000
       140.98000
       143.12000
       145.25000
       147.39000
       149.53000
       151.66000
       153.80000
       155.94000
       158.07000
       160.21000
       162.34000
       164.48000
       166.61000
       168.75000
       170.89000
       173.02000
       175.16000
       177.30000
       179.43000
       181.57000
       183.71000
       185.84000
       187.98000
       190.11000
       192.25000
       194.38000
       196.52000
       198.66000
       200.79000
       202.93000
       205.07000
       207.20000
       209.34000
       211.47000
       213.61000
       215.75000
       217.88000
       220.02000
       222.16000
       224.29000
       226.43000
       228.56000
       230.70000
       232.84000
       234.97000
       237.11000
       239.25000
       241.38000
       243.52000
       245.65000
       247.79000
       249.92000
       252.06000
       254.20000
       256.33000
       258.47000
       260.61000
       262.74000
       264.88000

Y-values

      512.886
      447.821
      352.284
      410.036
      476.679
      475.281
      510.878
      468.111
      469.903
      495.356
      503.063
      1463.34
      2688.72
      2757.19
      2333.35
      1852.30
      1344.25
      1043.73
      880.406
      871.336
      858.036
      1154.43
      1194.76
      1153.50
      1207.27
      1057.03
      1007.24
      964.471
      943.858
      908.368
      1002.00
      1041.40
      989.027
      1033.26
      1028.57
      960.993
      1063.88
      1080.87
      980.316
      1059.11
      1040.94
      999.638
      996.663
      962.069
      1006.49
      958.986
      940.667
      933.067
      848.931
      962.284
      917.545
      965.654
      923.639
      993.902
      907.471
      907.937
      915.932
      916.613
      924.679
      919.732
      859.936
      916.864
      909.551
      855.204
      888.758
      846.529
      874.562
      820.861
      875.064
      837.208
      880.227
      854.451
      854.415
      859.363
      853.806
      870.762
      785.371
      837.853
      847.031
      868.002
      872.877
      893.455
      850.185
      821.614
      844.665
      836.563
      787.450
      866.281
      781.284
      799.782
      763.145
      693.850
      882.700
      819.642
      849.683
      874.885
      820.001
      817.742
      857.534
      807.741
      771.605
      735.721
      857.283
      792.469
      827.601
      784.331
      759.417
      754.362
      842.048
      810.895
      788.813
      772.932
      812.365
      841.295
      815.950
      804.909
      752.211
      787.558
      760.098
      782.216
      810.967
      739.772
      767.805
      805.124
      677.323
