X-values

      0.00000000
       2.1300001
       4.2600002
       6.3900003
       8.5200005
       10.650001
       12.780001
       14.910001
       17.040001
       19.170001
       21.300001
       23.430001
       25.560001
       27.690001
       29.820002
       31.950002
       34.080002
       36.210002
       38.340002
       40.470002
       42.600002
       44.730002
       46.860003
       48.990003
       51.120003
       53.250003
       55.380003
       57.510003
       59.640003
       61.770003
       63.900003
       66.030004
       68.160004
       70.290004
       72.420004
       74.550004
       76.680004
       78.810004
       80.940004
       83.070004
       85.200005
       87.330005
       89.460005
       91.590005
       93.720005
       95.850005
       97.980005
       100.11001
       102.24001
       104.37001
       106.50001
       108.63001
       110.76001
       112.89001
       115.02001
       117.15001
       119.28001
       121.41001
       123.54001
       125.67001
       127.80001
       129.93001
       132.06001
       134.19001
       136.32001
       138.45001
       140.58001
       142.71001
       144.84001
       146.97001
       149.10001
       151.23001
       153.36001
       155.49001
       157.62001
       159.75001
       161.88001
       164.01001
       166.14001
       168.27001
       170.40001
       172.53001
       174.66001
       176.79001
       178.92001
       181.05001
       183.18001
       185.31001
       187.44001
       189.57001
       191.70001
       193.83001
       195.96001
       198.09001
       200.22001
       202.35001
       204.48001
       206.61001
       208.74001
       210.87001
       213.00001
       215.13001
       217.26001
       219.39001
       221.52001
       223.65001
       225.78001
       227.91001
       230.04001
       232.17001
       234.30001
       236.43001
       238.56001
       240.69001
       242.82001
       244.95001
       247.08001
       249.21001
       251.34001
       253.47001
       255.60001
       257.73001
       259.86001
       261.99001
       264.12001

Y-values

      252.264
      309.175
      265.307
      269.394
      292.733
      232.099
      288.554
      277.335
      407.050
      244.451
      376.324
      242.230
      299.020
      431.934
      368.380
      467.297
      555.953
      597.571
      660.921
      662.503
      757.064
      654.386
      778.004
      629.056
      614.225
      644.065
      617.855
      605.979
      608.076
      645.804
      587.615
      606.056
      592.603
      602.399
      619.323
      628.560
      575.625
      659.408
      641.424
      619.819
      599.651
      608.148
      595.012
      635.034
      615.729
      591.815
      675.553
      619.950
      567.862
      601.901
      593.394
      575.356
      605.078
      591.039
      560.969
      598.190
      583.249
      557.181
      597.729
      601.813
      573.037
      558.560
      719.172
      579.478
      560.144
      645.921
      577.594
      589.992
      522.093
      543.008
      655.686
      632.608
      593.638
      765.984
      582.388
      700.383
      565.904
      515.025
      619.820
      614.144
      598.792
      594.117
      664.622
      859.047
      623.282
      605.323
      679.148
      627.263
      645.691
      596.604
      616.300
      641.312
      600.047
      852.198
      620.576
      590.135
      591.913
      629.402
      606.793
      687.655
      616.503
      601.083
      591.355
      556.527
      599.577
      576.451
      617.807
      589.350
      655.745
      617.525
      615.423
      622.715
      617.350
      577.959
      671.262
      589.109
      575.020
      636.792
      636.238
      595.011
      558.283
      623.718
      577.747
      650.345
      604.570
