X-values

      0.00000000
       2.1300001
       4.2600002
       6.3900003
       8.5200005
       10.650001
       12.780001
       14.910001
       17.040001
       19.170001
       21.300001
       23.430001
       25.560001
       27.690001
       29.820002
       31.950002
       34.080002
       36.210002
       38.340002
       40.470002
       42.600002
       44.730002
       46.860003
       48.990003
       51.120003
       53.250003
       55.380003
       57.510003
       59.640003
       61.770003
       63.900003
       66.030004
       68.160004
       70.290004
       72.420004
       74.550004
       76.680004
       78.810004
       80.940004
       83.070004
       85.200005
       87.330005
       89.460005
       91.590005
       93.720005
       95.850005
       97.980005
       100.11001
       102.24001
       104.37001
       106.50001
       108.63001
       110.76001
       112.89001
       115.02001
       117.15001
       119.28001
       121.41001
       123.54001
       125.67001
       127.80001
       129.93001
       132.06001
       134.19001
       136.32001
       138.45001
       140.58001
       142.71001
       144.84001
       146.97001
       149.10001
       151.23001
       153.36001
       155.49001
       157.62001
       159.75001
       161.88001
       164.01001
       166.14001
       168.27001
       170.40001
       172.53001
       174.66001
       176.79001
       178.92001
       181.05001
       183.18001
       185.31001
       187.44001
       189.57001
       191.70001
       193.83001
       195.96001
       198.09001
       200.22001
       202.35001
       204.48001
       206.61001
       208.74001
       210.87001
       213.00001
       215.13001
       217.26001
       219.39001
       221.52001
       223.65001
       225.78001
       227.91001
       230.04001
       232.17001
       234.30001
       236.43001
       238.56001
       240.69001
       242.82001
       244.95001
       247.08001
       249.21001
       251.34001
       253.47001
       255.60001
       257.73001
       259.86001
       261.99001
       264.12001

Y-values

      302.374
      272.930
      302.306
      260.186
      214.190
      274.026
      258.786
      304.717
      268.161
      362.402
      286.290
      465.951
      541.197
      672.425
      779.898
      856.549
      789.622
      749.511
      737.814
      798.290
      696.605
      842.151
      679.516
      686.399
      679.308
      613.032
      658.524
      747.798
      644.948
      740.148
      655.737
      778.736
      652.463
      778.030
      673.387
      707.730
      675.940
      703.083
      687.768
      807.829
      681.872
      730.931
      691.457
      741.127
      682.224
      671.689
      697.695
      717.574
      688.346
      683.476
      688.695
      714.256
      687.656
      722.541
      706.166
      733.249
      689.738
      711.154
      689.942
      773.326
      714.918
      655.546
      711.190
      695.516
      813.008
      710.349
      735.016
      722.805
      751.870
      717.846
      719.312
      792.594
      710.546
      788.825
      711.348
      839.148
      720.495
      800.580
      697.758
      745.535
      720.900
      746.426
      830.649
      735.741
      825.419
      719.644
      726.074
      706.828
      815.497
      714.440
      881.899
      704.514
      740.341
      709.762
      819.623
      721.340
      808.886
      709.393
      755.913
      704.438
      740.431
      707.529
      710.712
      700.904
      691.317
      754.614
      704.200
      730.505
      705.761
      658.056
      693.222
      674.592
      685.583
      749.267
      703.676
      706.456
      812.573
      695.404
      715.649
      682.454
      705.819
      664.023
      704.997
      711.237
      700.536
