X-values

      0.00000000
       2.1300001
       4.2600002
       6.3900003
       8.5200005
       10.650001
       12.780001
       14.910001
       17.040001
       19.170001
       21.300001
       23.430001
       25.560001
       27.690001
       29.820002
       31.950002
       34.080002
       36.210002
       38.340002
       40.470002
       42.600002
       44.730002
       46.860003
       48.990003
       51.120003
       53.250003
       55.380003
       57.510003
       59.640003
       61.770003
       63.900003
       66.030004
       68.160004
       70.290004
       72.420004
       74.550004
       76.680004
       78.810004
       80.940004
       83.070004
       85.200005
       87.330005
       89.460005
       91.590005
       93.720005
       95.850005
       97.980005
       100.11001
       102.24001
       104.37001
       106.50001
       108.63001
       110.76001
       112.89001
       115.02001
       117.15001
       119.28001
       121.41001
       123.54001
       125.67001
       127.80001
       129.93001
       132.06001
       134.19001
       136.32001
       138.45001
       140.58001
       142.71001
       144.84001
       146.97001
       149.10001
       151.23001
       153.36001
       155.49001
       157.62001
       159.75001
       161.88001
       164.01001
       166.14001
       168.27001
       170.40001
       172.53001
       174.66001
       176.79001
       178.92001
       181.05001
       183.18001
       185.31001
       187.44001
       189.57001
       191.70001
       193.83001
       195.96001
       198.09001
       200.22001
       202.35001
       204.48001
       206.61001
       208.74001
       210.87001
       213.00001
       215.13001
       217.26001
       219.39001
       221.52001
       223.65001
       225.78001
       227.91001
       230.04001
       232.17001
       234.30001
       236.43001
       238.56001
       240.69001
       242.82001
       244.95001
       247.08001
       249.21001
       251.34001
       253.47001
       255.60001
       257.73001
       259.86001
       261.99001
       264.12001

Y-values

      165.516
      190.469
      187.935
      169.284
      166.999
      197.911
      175.276
      189.927
      187.582
      164.489
      177.428
      213.930
      214.121
      256.245
      319.662
      334.270
      411.527
      396.205
      378.586
      396.499
      362.356
      352.150
      388.365
      337.957
      337.823
      399.667
      339.165
      318.020
      308.723
      350.578
      302.496
      319.333
      331.969
      335.215
      285.641
      316.484
      346.374
      332.089
      290.660
      301.735
      316.286
      292.051
      280.937
      325.718
      318.219
      309.893
      373.566
      312.631
      314.818
      348.222
      344.436
      325.660
      358.620
      325.129
      311.604
      416.033
      302.188
      298.587
      309.263
      283.059
      333.632
      310.808
      333.090
      298.942
      310.089
      379.103
      289.895
      287.197
      315.963
      321.341
      347.543
      293.458
      327.925
      322.031
      317.548
      301.879
      335.653
      295.452
      285.597
      328.345
      277.327
      290.360
      334.474
      350.232
      297.668
      297.824
      328.643
      313.205
      295.033
      331.389
      299.348
      341.224
      314.341
      300.189
      292.698
      307.399
      304.256
      343.163
      283.082
      279.835
      335.106
      286.370
      299.936
      299.552
      321.523
      330.829
      336.246
      387.529
      289.031
      353.098
      313.712
      300.796
      295.347
      300.873
      359.764
      303.600
      271.021
      322.294
      337.477
      282.435
      285.887
      354.167
      294.989
      320.810
      315.533
