X-values

      0.00000000
       2.1300001
       4.2600002
       6.3900003
       8.5200004
       10.650001
       12.780001
       14.910001
       17.040001
       19.170001
       21.300001
       23.430001
       25.560001
       27.690001
       29.820001
       31.950002
       34.080002
       36.210002
       38.340002
       40.470002
       42.600002
       44.730002
       46.860002
       48.990002
       51.120002
       53.250003
       55.380003
       57.510003
       59.640003
       61.770003
       63.900003
       66.030003
       68.160003
       70.290003
       72.420003
       74.550004
       76.680004
       78.810004
       80.940004
       83.070004
       85.200004
       87.330004
       89.460004
       91.590004
       93.720004
       95.850005
       97.980005
       100.11000
       102.24000
       104.37000
       106.50001
       108.63001
       110.76001
       112.89001
       115.02001
       117.15001
       119.28001
       121.41001
       123.54001
       125.67001
       127.80001
       129.93001
       132.06001
       134.19001
       136.32001
       138.45001
       140.58001
       142.71001
       144.84001
       146.97001
       149.10001
       151.23001
       153.36001
       155.49001
       157.62001
       159.75001
       161.88001
       164.01001
       166.14001
       168.27001
       170.40001
       172.53001
       174.66001
       176.79001
       178.92001
       181.05001
       183.18001
       185.31001
       187.44001
       189.57001
       191.70001
       193.83001
       195.96001
       198.09001
       200.22001
       202.35001
       204.48001
       206.61001
       208.74001
       210.87001
       213.00001
       215.13001
       217.26001
       219.39001
       221.52001
       223.65001
       225.78001
       227.91001
       230.04001
       232.17001
       234.30001
       236.43001
       238.56001
       240.69001
       242.82001
       244.95001
       247.08001
       249.21001
       251.34001
       253.47001
       255.60001
       257.73001
       259.86001
       261.99001
       264.12001

Y-values

      143.874
      152.129
      158.614
      161.649
      173.859
      163.040
      190.227
      156.282
      132.888
      145.096
      154.788
      129.242
      144.263
      197.169
      255.537
      313.119
      343.097
      405.420
      380.582
      368.894
      364.372
      355.321
      365.156
      376.461
      349.713
      338.977
      351.291
      358.986
      336.921
      351.288
      348.499
      447.324
      360.450
      391.265
      357.420
      414.593
      376.745
      405.636
      372.815
      373.185
      381.533
      374.487
      374.658
      370.054
      373.996
      346.387
      387.382
      338.962
      392.788
      335.121
      375.415
      369.751
      394.301
      382.216
      353.721
      360.716
      377.450
      359.553
      409.649
      369.058
      461.406
      372.408
      385.723
      395.252
      372.371
      366.201
      476.193
      351.466
      400.700
      318.969
      403.343
      385.280
      432.801
      328.290
      413.643
      337.267
      393.699
      364.603
      357.622
      372.112
      413.838
      382.684
      349.214
      369.874
      388.525
      374.109
      399.500
      357.060
      462.701
      366.971
      458.237
      373.958
      430.544
      358.724
      439.997
      376.731
      379.574
      375.613
      364.780
      387.182
      346.058
      395.538
      365.489
      392.255
      362.908
      411.440
      365.640
      315.988
      363.611
      361.877
      364.177
      365.764
      372.965
      367.504
      365.624
      358.647
      367.519
      362.158
      356.417
      419.189
      376.949
      359.529
      377.252
      349.032
      378.459
