X-values

      0.00000000
       2.1300001
       4.2600002
       6.3900003
       8.5200005
       10.650001
       12.780001
       14.910001
       17.040001
       19.170001
       21.300001
       23.430001
       25.560001
       27.690001
       29.820002
       31.950002
       34.080002
       36.210002
       38.340002
       40.470002
       42.600002
       44.730002
       46.860003
       48.990003
       51.120003
       53.250003
       55.380003
       57.510003
       59.640003
       61.770003
       63.900003
       66.030004
       68.160004
       70.290004
       72.420004
       74.550004
       76.680004
       78.810004
       80.940004
       83.070004
       85.200005
       87.330005
       89.460005
       91.590005
       93.720005
       95.850005
       97.980005
       100.11001
       102.24001
       104.37001
       106.50001
       108.63001
       110.76001
       112.89001
       115.02001
       117.15001
       119.28001
       121.41001
       123.54001
       125.67001
       127.80001
       129.93001
       132.06001
       134.19001
       136.32001
       138.45001
       140.58001
       142.71001
       144.84001
       146.97001
       149.10001
       151.23001
       153.36001
       155.49001
       157.62001
       159.75001
       161.88001
       164.01001
       166.14001
       168.27001
       170.40001
       172.53001
       174.66001
       176.79001
       178.92001
       181.05001
       183.18001
       185.31001
       187.44001
       189.57001
       191.70001
       193.83001
       195.96001
       198.09001
       200.22001
       202.35001
       204.48001
       206.61001
       208.74001
       210.87001
       213.00001
       215.13001
       217.26001
       219.39001
       221.52001
       223.65001
       225.78001
       227.91001
       230.04001
       232.17001
       234.30001
       236.43001
       238.56001
       240.69001
       242.82001
       244.95001
       247.08001
       249.21001
       251.34001
       253.47001
       255.60001
       257.73001
       259.86001
       261.99001
       264.12001

Y-values

      169.481
      129.106
      137.761
      130.716
      135.823
      124.554
      171.149
      145.745
      144.379
      128.788
      140.581
      133.234
      152.809
      202.508
      178.017
      227.688
      246.484
      341.800
      300.891
      392.382
      305.466
      301.654
      386.812
      272.625
      290.690
      250.769
      334.857
      289.830
      257.096
      246.105
      265.511
      255.302
      264.084
      262.512
      263.334
      316.332
      243.082
      240.204
      253.880
      256.347
      260.273
      313.906
      261.492
      320.504
      269.201
      305.778
      273.588
      306.409
      253.843
      325.741
      271.462
      359.543
      278.570
      266.036
      274.645
      267.273
      267.103
      302.615
      274.464
      306.287
      273.052
      264.751
      304.506
      286.321
      293.891
      323.913
      291.288
      359.458
      275.230
      348.324
      277.552
      350.528
      286.848
      346.245
      281.732
      278.869
      297.602
      307.355
      290.336
      331.499
      293.956
      329.814
      292.305
      303.854
      294.730
      328.766
      297.375
      338.860
      282.766
      288.953
      293.387
      299.365
      294.404
      292.994
      282.412
      267.265
      291.825
      348.780
      291.480
      274.948
      296.650
      265.143
      293.882
      274.382
      286.243
      260.550
      275.302
      303.810
      341.055
      297.257
      404.290
      294.272
      386.633
      294.159
      376.159
      293.237
      366.106
      292.936
      313.378
      293.656
      304.972
      298.023
      301.506
      283.345
      296.664
