X-values

      0.00000000
       2.1300001
       4.2600002
       6.3900003
       8.5200005
       10.650001
       12.780001
       14.910001
       17.040001
       19.170001
       21.300001
       23.430001
       25.560001
       27.690001
       29.820002
       31.950002
       34.080002
       36.210002
       38.340002
       40.470002
       42.600002
       44.730002
       46.860003
       48.990003
       51.120003
       53.250003
       55.380003
       57.510003
       59.640003
       61.770003
       63.900003
       66.030004
       68.160004
       70.290004
       72.420004
       74.550004
       76.680004
       78.810004
       80.940004
       83.070004
       85.200005
       87.330005
       89.460005
       91.590005
       93.720005
       95.850005
       97.980005
       100.11001
       102.24001
       104.37001
       106.50001
       108.63001
       110.76001
       112.89001
       115.02001
       117.15001
       119.28001
       121.41001
       123.54001
       125.67001
       127.80001
       129.93001
       132.06001
       134.19001
       136.32001
       138.45001
       140.58001
       142.71001
       144.84001
       146.97001
       149.10001
       151.23001
       153.36001
       155.49001
       157.62001
       159.75001
       161.88001
       164.01001
       166.14001
       168.27001
       170.40001
       172.53001
       174.66001
       176.79001
       178.92001
       181.05001
       183.18001
       185.31001
       187.44001
       189.57001
       191.70001
       193.83001
       195.96001
       198.09001
       200.22001
       202.35001
       204.48001
       206.61001
       208.74001
       210.87001
       213.00001
       215.13001
       217.26001
       219.39001
       221.52001
       223.65001
       225.78001
       227.91001
       230.04001
       232.17001
       234.30001
       236.43001
       238.56001
       240.69001
       242.82001
       244.95001
       247.08001
       249.21001
       251.34001
       253.47001
       255.60001
       257.73001
       259.86001
       261.99001
       264.12001

Y-values

      139.214
      151.119
      259.893
      170.440
      165.500
      169.667
      152.702
      169.679
      172.190
      144.762
      184.464
      174.095
      312.857
      641.857
      1082.64
      1388.02
      1509.63
      1442.36
      1329.61
      1152.48
      982.250
      787.440
      691.738
      559.702
      589.595
      624.274
      616.500
      670.226
      691.702
      718.429
      642.333
      688.321
      729.750
      615.643
      623.024
      551.524
      617.369
      608.048
      665.440
      594.333
      604.560
      595.262
      585.488
      609.714
      605.333
      555.464
      595.119
      607.000
      599.405
      591.726
      551.845
      507.262
      517.988
      539.714
      554.000
      539.155
      565.155
      579.643
      547.167
      545.690
      514.131
      516.702
      543.952
      545.679
      533.524
      526.036
      507.631
      523.012
      527.536
      504.107
      526.357
      534.024
      458.548
      503.357
      509.250
      458.988
      495.583
      474.738
      484.690
      512.512
      521.381
      492.774
      504.179
      513.464
      466.083
      466.190
      558.083
      474.833
      490.869
      475.833
      478.095
      522.524
      464.262
      444.238
      499.821
      459.048
      479.012
      470.476
      433.048
      404.714
      461.702
      467.012
      461.262
      426.512
      478.750
      467.726
      497.381
      472.190
      452.036
      481.679
      490.226
      443.595
      495.000
      444.667
      370.321
      417.262
      423.060
      380.190
      436.952
      405.131
      431.988
      419.167
      404.429
      441.869
      501.690
