X-values

      0.00000000
       2.1300000
       4.2700000
       6.4000000
       8.5400000
       10.680000
       12.810000
       14.950000
       17.080000
       19.220000
       21.360000
       23.490000
       25.630000
       27.770000
       29.900000
       32.040000
       34.170000
       36.310000
       38.450000
       40.580000
       42.720000
       44.850000
       46.990000
       49.130000
       51.260000
       53.400000
       55.540000
       57.670000
       59.810000
       61.940000
       64.080000
       66.220000
       68.350000
       70.490000
       72.620000
       74.760000
       76.900000
       79.030000
       81.170000
       83.300000
       85.440000
       87.580000
       89.710000
       91.850000
       93.980000
       96.120000
       98.260000
       100.39000
       102.53000
       104.67000
       106.80000
       108.94000
       111.08000
       113.21000
       115.35000
       117.48000
       119.62000
       121.76000
       123.89000
       126.03000
       128.16000
       130.30000
       132.44000
       134.57000
       136.71000
       138.84000
       140.98000
       143.12000
       145.25000
       147.39000
       149.52000
       151.66000
       153.80000
       155.93000
       158.07000
       160.21000
       162.34000
       164.48000
       166.61000
       168.75000
       170.89000
       173.02000
       175.16000
       177.30000
       179.43000
       181.57000
       183.70000
       185.84000
       187.98000
       190.11000
       192.25000
       194.38000
       196.52000
       198.66000
       200.79000
       202.93000
       205.07000
       207.20000
       209.34000
       211.47000
       213.61000
       215.75000
       217.88000
       220.02000
       222.15000
       224.29000
       226.43000
       228.56000
       230.70000
       232.83000
       234.97000
       237.11000
       239.24000
       241.38000
       243.52000
       245.65000
       247.79000
       249.92000
       252.06000
       254.20000
       256.33000
       258.47000
       260.60000
       262.74000
       264.88000

Y-values

      326.779
      271.748
      372.404
      339.592
      292.931
      322.779
      369.145
      321.520
      340.185
      316.632
      407.955
      1443.77
      2727.55
      2840.21
      2544.16
      1968.01
      1463.84
      1088.62
      880.051
      700.145
      645.188
      606.007
      595.564
      780.507
      791.246
      821.688
      814.651
      832.797
      773.989
      765.101
      726.883
      695.998
      779.470
      707.626
      785.099
      793.098
      765.916
      844.722
      841.315
      778.729
      805.615
      799.542
      745.326
      819.095
      815.910
      830.872
      820.280
      770.508
      848.425
      797.542
      792.061
      779.026
      825.391
      769.027
      782.284
      788.210
      844.352
      824.354
      817.910
      782.581
      740.067
      780.433
      780.285
      836.427
      753.917
      773.767
      781.173
      715.551
      748.584
      800.949
      783.544
      755.324
      735.401
      735.401
      615.636
      743.622
      752.584
      715.995
      683.777
      639.189
      707.922
      670.371
      732.438
      697.775
      727.920
      716.958
      680.814
      681.777
      743.696
      719.625
      729.031
      719.180
      671.630
      676.518
      669.778
      706.071
      677.851
      668.075
      660.890
      693.776
      708.959
      714.588
      686.962
      739.030
      689.258
      711.922
      695.183
      558.531
      670.445
      709.107
      682.518
      726.068
      703.330
      803.912
      708.663
      811.763
      744.733
      703.256
      727.179
      712.737
      719.032
      711.774
      636.226
      708.737
      657.113
