X-values

      0.00000000
       2.1300000
       4.2600000
       6.3900000
       8.5200000
       10.650000
       12.780000
       14.910000
       17.040000
       19.170000
       21.300000
       23.430000
       25.560000
       27.690000
       29.820000
       31.950000
       34.080000
       36.210000
       38.340000
       40.470000
       42.600000
       44.730000
       46.860000
       48.990000
       51.120000
       53.250000
       55.380000
       57.510000
       59.640000
       61.770000
       63.900000
       66.030000
       68.160000
       70.290000
       72.420000
       74.550000
       76.680000
       78.810000
       80.940000
       83.070000
       85.200000
       87.330000
       89.460000
       91.590000
       93.720000
       95.850000
       97.980000
       100.11000
       102.24000
       104.37000
       106.50000
       108.63000
       110.76000
       112.89000
       115.02000
       117.15000
       119.28000
       121.41000
       123.54000
       125.67000
       127.80000
       129.93000
       132.06000
       134.19000
       136.32000
       138.45000
       140.58000
       142.71000
       144.84000
       146.97000
       149.10000
       151.23000
       153.36000
       155.49000
       157.62000
       159.75000
       161.88000
       164.01000
       166.14000
       168.27000
       170.40000
       172.53000
       174.66000
       176.79000
       178.92000
       181.05000
       183.18000
       185.31000
       187.44000
       189.57000
       191.70000
       193.83000
       195.96000
       198.09000
       200.22000
       202.35000
       204.48000
       206.61000
       208.74000
       210.87000
       213.00000
       215.13000
       217.26000
       219.39000
       221.52000
       223.65000
       225.78000
       227.91000
       230.04000
       232.17000
       234.30000
       236.43000
       238.56000
       240.69000
       242.82000
       244.95000
       247.08000
       249.21000
       251.34000
       253.47000
       255.60000
       257.73000
       259.86000
       261.99000
       264.12000

Y-values

      335.082
      285.966
      270.522
      340.262
      306.956
      218.615
      270.416
      324.744
      339.545
      306.938
      351.312
      405.434
      604.105
      721.483
      759.193
      729.403
      719.401
      607.345
      576.523
      561.867
      568.690
      566.756
      613.863
      596.736
      571.415
      541.427
      525.698
      566.258
      539.502
      494.056
      497.051
      566.995
      562.258
      576.498
      613.108
      555.930
      592.664
      521.003
      562.716
      528.716
      558.997
      615.018
      572.591
      498.422
      585.414
      602.571
      541.430
      546.260
      659.617
      585.859
      556.607
      629.121
      591.286
      547.588
      615.594
      581.489
      579.828
      570.591
      558.940
      569.696
      582.804
      575.557
      650.048
      564.623
      591.930
      567.552
      550.252
      593.479
      592.937
      661.094
      536.206
      570.722
      620.193
      594.664
      574.438
      547.067
      657.547
      608.582
      572.922
      585.869
      594.310
      577.391
      514.535
      589.580
      581.233
      645.294
      580.752
      591.961
      591.728
      645.801
      595.376
      586.113
      625.423
      565.884
      590.535
      628.390
      554.049
      627.246
      549.801
      581.427
      552.679
      649.629
      559.975
      582.907
      603.227
      640.742
      572.221
      592.811
      587.009
      624.774
      545.802
      538.907
      595.881
      585.642
      560.439
      586.611
      617.376
      593.236
      635.171
      577.402
      627.055
      591.070
      586.736
      606.835
      564.269
