X-values

      0.00000000
       2.1300000
       4.2700000
       6.4000000
       8.5400000
       10.680000
       12.810000
       14.950000
       17.090000
       19.220000
       21.360000
       23.490000
       25.630000
       27.770000
       29.900000
       32.040000
       34.170000
       36.310000
       38.450000
       40.580000
       42.720000
       44.860000
       46.990000
       49.130000
       51.260000
       53.400000
       55.540000
       57.670000
       59.810000
       61.940000
       64.080000
       66.220000
       68.350000
       70.490000
       72.620000
       74.760000
       76.900000
       79.030000
       81.170000
       83.310000
       85.440000
       87.580000
       89.710000
       91.850000
       93.990000
       96.120000
       98.260000
       100.40000
       102.53000
       104.67000
       106.80000
       108.94000
       111.08000
       113.21000
       115.35000
       117.48000
       119.62000
       121.76000
       123.89000
       126.03000
       128.16000
       130.30000
       132.44000
       134.57000
       136.71000
       138.85000
       140.98000
       143.12000
       145.25000
       147.39000
       149.53000
       151.66000
       153.80000
       155.94000
       158.07000
       160.21000
       162.34000
       164.48000
       166.61000
       168.75000
       170.89000
       173.02000
       175.16000
       177.30000
       179.43000
       181.57000
       183.71000
       185.84000
       187.98000
       190.11000
       192.25000
       194.38000
       196.52000
       198.66000
       200.79000
       202.93000
       205.07000
       207.20000
       209.34000
       211.47000
       213.61000
       215.75000
       217.88000
       220.02000
       222.16000
       224.29000
       226.43000
       228.56000
       230.70000
       232.84000
       234.97000
       237.11000
       239.25000
       241.38000
       243.52000
       245.65000
       247.79000
       249.92000
       252.06000
       254.20000
       256.33000
       258.47000
       260.61000
       262.74000
       264.88000

Y-values

      392.076
      379.434
      210.483
      276.416
      199.613
      276.288
      318.726
      273.543
      276.579
      261.396
      327.061
      239.016
      394.412
      587.072
      601.272
      752.824
      658.769
      679.275
      728.960
      611.261
      632.771
      719.818
      574.593
      742.707
      542.238
      643.584
      517.824
      598.837
      733.763
      574.992
      657.765
      718.113
      611.621
      609.546
      549.677
      644.559
      643.392
      611.236
      660.389
      580.664
      623.352
      769.290
      635.938
      680.637
      595.639
      659.679
      661.505
      655.503
      644.107
      651.691
      660.936
      703.738
      616.478
      704.194
      637.343
      657.331
      698.446
      624.994
      711.362
      618.038
      665.297
      683.882
      637.452
      682.286
      666.689
      643.999
      671.011
      697.109
      643.870
      680.724
      743.165
      645.402
      685.042
      620.182
      637.803
      657.159
      601.474
      676.384
      538.590
      639.614
      762.896
      587.037
      646.139
      613.033
      597.561
      655.123
      620.135
      613.394
      617.808
      613.205
      583.572
      652.861
      587.195
      654.420
      553.077
      600.359
      602.594
      566.268
      622.721
      633.002
      595.674
      621.367
      556.852
      616.757
      726.989
      585.366
      588.552
      588.250
      628.886
      700.126
      594.846
      598.792
      587.514
      622.177
      597.472
      587.966
      605.725
      587.907
      600.343
      609.561
      692.037
      577.091
      634.413
      567.733
      614.740
