X-values

      0.00000000
       2.1300000
       4.2700000
       6.4000000
       8.5400000
       10.680000
       12.810000
       14.950000
       17.090000
       19.220000
       21.360000
       23.490000
       25.630000
       27.770000
       29.900000
       32.040000
       34.170000
       36.310000
       38.450000
       40.580000
       42.720000
       44.860000
       46.990000
       49.130000
       51.260000
       53.400000
       55.540000
       57.670000
       59.810000
       61.940000
       64.080000
       66.220000
       68.350000
       70.490000
       72.620000
       74.760000
       76.900000
       79.030000
       81.170000
       83.310000
       85.440000
       87.580000
       89.710000
       91.850000
       93.990000
       96.120000
       98.260000
       100.40000
       102.53000
       104.67000
       106.80000
       108.94000
       111.08000
       113.21000
       115.35000
       117.48000
       119.62000
       121.76000
       123.89000
       126.03000
       128.16000
       130.30000
       132.44000
       134.57000
       136.71000
       138.85000
       140.98000
       143.12000
       145.25000
       147.39000
       149.53000
       151.66000
       153.80000
       155.94000
       158.07000
       160.21000
       162.34000
       164.48000
       166.61000
       168.75000
       170.89000
       173.02000
       175.16000
       177.30000
       179.43000
       181.57000
       183.71000
       185.84000
       187.98000
       190.11000
       192.25000
       194.38000
       196.52000
       198.66000
       200.79000
       202.93000
       205.07000
       207.20000
       209.34000
       211.47000
       213.61000
       215.75000
       217.88000
       220.02000
       222.16000
       224.29000
       226.43000
       228.56000
       230.70000
       232.84000
       234.97000
       237.11000
       239.25000
       241.38000
       243.52000
       245.65000
       247.79000
       249.92000
       252.06000
       254.20000
       256.33000
       258.47000
       260.61000
       262.74000
       264.88000

Y-values

      266.671
      624.086
      410.262
      344.899
      380.014
      369.932
      332.034
      472.845
      415.130
      302.829
      486.057
      479.799
      653.291
      790.972
      1367.77
      1407.76
      1129.61
      949.167
      816.353
      602.530
      721.436
      642.165
      550.378
      689.797
      707.877
      562.894
      778.108
      676.585
      651.900
      657.463
      684.930
      753.770
      673.109
      699.880
      797.578
      767.678
      705.791
      667.198
      673.804
      474.236
      646.685
      692.926
      679.715
      700.228
      805.922
      737.777
      599.401
      922.743
      672.761
      708.920
      657.811
      609.483
      719.698
      794.101
      561.851
      646.337
      659.201
      729.433
      789.929
      707.181
      896.667
      755.161
      668.241
      515.262
      846.253
      694.665
      769.416
      783.323
      691.883
      705.095
      647.033
      685.277
      764.549
      1036.43
      798.621
      893.885
      854.250
      776.717
      808.009
      796.187
      731.171
      832.346
      692.231
      785.409
      647.728
      747.512
      862.594
      776.370
      895.624
      573.324
      681.105
      802.446
      892.147
      639.384
      748.208
      674.499
      819.830
      809.399
      801.055
      886.584
      771.154
      917.528
      835.475
      868.853
      857.727
      811.485
      541.686
      585.146
      972.114
      795.840
      788.886
      886.932
      753.423
      876.502
      883.803
      918.223
      679.019
      936.650
      554.897
      804.184
      958.902
      849.382
      949.167
      934.564
      759.681
