X-values

      0.00000000
       2.1300001
       4.2600002
       6.3900003
       8.5200005
       10.650001
       12.780001
       14.910001
       17.040001
       19.170001
       21.300001
       23.430001
       25.560001
       27.690001
       29.820002
       31.950002
       34.080002
       36.210002
       38.340002
       40.470002
       42.600002
       44.730002
       46.860003
       48.990003
       51.120003
       53.250003
       55.380003
       57.510003
       59.640003
       61.770003
       63.900003
       66.030004
       68.160004
       70.290004
       72.420004
       74.550004
       76.680004
       78.810004
       80.940004
       83.070004
       85.200005
       87.330005
       89.460005
       91.590005
       93.720005
       95.850005
       97.980005
       100.11001
       102.24001
       104.37001
       106.50001
       108.63001
       110.76001
       112.89001
       115.02001
       117.15001
       119.28001
       121.41001
       123.54001
       125.67001
       127.80001
       129.93001
       132.06001
       134.19001
       136.32001
       138.45001
       140.58001
       142.71001
       144.84001
       146.97001
       149.10001
       151.23001
       153.36001
       155.49001
       157.62001
       159.75001
       161.88001
       164.01001
       166.14001
       168.27001
       170.40001
       172.53001
       174.66001
       176.79001
       178.92001
       181.05001
       183.18001
       185.31001
       187.44001
       189.57001
       191.70001
       193.83001
       195.96001
       198.09001
       200.22001
       202.35001
       204.48001
       206.61001
       208.74001
       210.87001
       213.00001
       215.13001
       217.26001
       219.39001
       221.52001
       223.65001
       225.78001
       227.91001
       230.04001
       232.17001
       234.30001
       236.43001
       238.56001
       240.69001
       242.82001
       244.95001
       247.08001
       249.21001
       251.34001
       253.47001
       255.60001
       257.73001
       259.86001
       261.99001
       264.12001

Y-values

      101.369
      112.017
      126.538
      122.716
      127.789
      110.542
      110.122
      120.138
      126.756
      115.384
      111.112
      120.025
      147.444
      153.029
      117.126
      137.808
      160.920
      245.398
      178.779
      202.880
      213.449
      214.273
      207.844
      225.837
      218.439
      194.839
      198.712
      193.643
      232.465
      198.182
      206.736
      216.781
      199.374
      190.261
      208.308
      187.741
      197.361
      212.137
      239.090
      227.161
      231.848
      222.352
      242.702
      260.746
      240.823
      248.647
      238.418
      239.011
      249.309
      198.593
      252.233
      246.452
      236.684
      244.286
      211.289
      244.032
      252.930
      272.882
      243.211
      258.453
      244.919
      250.784
      267.348
      243.576
      265.764
      258.668
      257.580
      304.484
      243.222
      259.378
      277.778
      262.712
      236.540
      255.533
      274.020
      245.662
      259.291
      271.773
      264.761
      278.513
      261.361
      264.572
      263.000
      275.693
      264.146
      247.587
      270.201
      285.224
      260.277
      300.941
      252.087
      272.529
      260.520
      271.679
      266.936
      269.346
      289.529
      252.772
      259.081
      252.040
      264.435
      279.812
      258.677
      265.795
      292.258
      246.190
      270.884
      243.504
      258.455
      267.779
      276.490
      253.406
      285.261
      281.623
      228.332
      249.042
      257.128
      248.840
      243.748
      255.776
      270.368
      244.204
      260.086
      297.783
      242.796
