X-values

      0.00000000
       2.1300001
       4.2600002
       6.3900003
       8.5200005
       10.650001
       12.780001
       14.910001
       17.040001
       19.170001
       21.300001
       23.430001
       25.560001
       27.690001
       29.820002
       31.950002
       34.080002
       36.210002
       38.340002
       40.470002
       42.600002
       44.730002
       46.860003
       48.990003
       51.120003
       53.250003
       55.380003
       57.510003
       59.640003
       61.770003
       63.900003
       66.030004
       68.160004
       70.290004
       72.420004
       74.550004
       76.680004
       78.810004
       80.940004
       83.070004
       85.200005
       87.330005
       89.460005
       91.590005
       93.720005
       95.850005
       97.980005
       100.11001
       102.24001
       104.37001
       106.50001
       108.63001
       110.76001
       112.89001
       115.02001
       117.15001
       119.28001
       121.41001
       123.54001
       125.67001
       127.80001
       129.93001
       132.06001
       134.19001
       136.32001
       138.45001
       140.58001
       142.71001
       144.84001
       146.97001
       149.10001
       151.23001
       153.36001
       155.49001
       157.62001
       159.75001
       161.88001
       164.01001
       166.14001
       168.27001
       170.40001
       172.53001
       174.66001
       176.79001
       178.92001
       181.05001
       183.18001
       185.31001
       187.44001
       189.57001
       191.70001
       193.83001
       195.96001
       198.09001
       200.22001
       202.35001
       204.48001
       206.61001
       208.74001
       210.87001
       213.00001
       215.13001
       217.26001
       219.39001
       221.52001
       223.65001
       225.78001
       227.91001
       230.04001
       232.17001
       234.30001
       236.43001
       238.56001
       240.69001
       242.82001
       244.95001
       247.08001
       249.21001
       251.34001
       253.47001
       255.60001
       257.73001
       259.86001
       261.99001
       264.12001

Y-values

      146.286
      174.429
      159.714
      159.857
      162.571
      153.714
      168.714
      151.286
      171.571
      166.714
      141.571
      161.857
      147.857
      245.429
      587.857
      820.286
      857.857
      817.286
      708.571
      638.429
      548.571
      481.857
      460.571
      467.286
      466.857
      463.143
      490.286
      474.143
      488.000
      421.143
      441.143
      443.143
      406.714
      437.857
      420.714
      435.429
      424.571
      435.000
      423.429
      449.857
      407.286
      412.000
      435.143
      412.286
      418.857
      407.857
      393.000
      403.286
      401.714
      386.286
      406.714
      434.286
      398.857
      399.429
      361.000
      380.286
      415.857
      377.143
      388.429
      368.286
      375.857
      373.286
      361.429
      371.714
      406.571
      340.429
      363.714
      363.857
      371.286
      346.857
      357.857
      370.714
      373.143
      369.714
      388.714
      397.571
      355.000
      353.714
      350.286
      363.286
      327.429
      340.429
      352.143
      358.286
      385.000
      322.429
      338.571
      370.429
      348.429
      332.429
      361.571
      337.143
      353.143
      356.857
      331.429
      346.000
      338.857
      346.000
      356.714
      327.000
      341.286
      321.286
      329.143
      345.857
      330.143
      364.000
      338.714
      331.714
      323.714
      316.286
      383.571
      330.857
      301.000
      331.143
      309.571
      328.143
      332.143
      325.857
      316.286
      327.286
      336.286
      340.714
      293.714
      319.143
      302.143
