X-values

      0.00000000
       2.1300001
       4.2600002
       6.3900003
       8.5200005
       10.650001
       12.780001
       14.910001
       17.040001
       19.170001
       21.300001
       23.430001
       25.560001
       27.690001
       29.820002
       31.950002
       34.080002
       36.210002
       38.340002
       40.470002
       42.600002
       44.730002
       46.860003
       48.990003
       51.120003
       53.250003
       55.380003
       57.510003
       59.640003
       61.770003
       63.900003
       66.030004
       68.160004
       70.290004
       72.420004
       74.550004
       76.680004
       78.810004
       80.940004
       83.070004
       85.200005
       87.330005
       89.460005
       91.590005
       93.720005
       95.850005
       97.980005
       100.11001
       102.24001
       104.37001
       106.50001
       108.63001
       110.76001
       112.89001
       115.02001
       117.15001
       119.28001
       121.41001
       123.54001
       125.67001
       127.80001
       129.93001
       132.06001
       134.19001
       136.32001
       138.45001
       140.58001
       142.71001
       144.84001
       146.97001
       149.10001
       151.23001
       153.36001
       155.49001
       157.62001
       159.75001
       161.88001
       164.01001
       166.14001
       168.27001
       170.40001
       172.53001
       174.66001
       176.79001
       178.92001
       181.05001
       183.18001
       185.31001
       187.44001
       189.57001
       191.70001
       193.83001
       195.96001
       198.09001
       200.22001
       202.35001
       204.48001
       206.61001
       208.74001
       210.87001
       213.00001
       215.13001
       217.26001
       219.39001
       221.52001
       223.65001
       225.78001
       227.91001
       230.04001
       232.17001
       234.30001
       236.43001
       238.56001
       240.69001
       242.82001
       244.95001
       247.08001
       249.21001
       251.34001
       253.47001
       255.60001
       257.73001
       259.86001
       261.99001
       264.12001

Y-values

      168.022
      234.300
      137.295
      164.896
      276.291
      154.333
      221.653
      149.820
      155.250
      174.886
      131.017
      264.927
      141.488
      214.654
      359.939
      333.876
      334.031
      326.002
      332.169
      350.902
      274.992
      308.143
      383.628
      242.901
      340.301
      387.803
      297.384
      370.227
      351.694
      325.572
      351.131
      335.204
      354.325
      335.834
      304.848
      312.565
      297.060
      344.932
      309.147
      376.733
      302.144
      337.688
      307.379
      387.471
      335.492
      264.226
      359.146
      339.442
      373.763
      311.386
      423.615
      353.447
      414.059
      323.738
      292.919
      406.091
      365.022
      422.561
      333.568
      389.692
      318.010
      436.714
      320.651
      363.186
      322.909
      355.467
      385.165
      345.514
      312.918
      313.238
      385.890
      316.578
      437.557
      334.097
      369.492
      335.899
      371.897
      359.375
      400.575
      348.286
      368.372
      316.039
      342.853
      375.881
      321.303
      439.690
      349.248
      363.992
      476.474
      340.995
      355.787
      303.721
      356.696
      379.772
      341.333
      386.776
      429.863
      349.755
      247.121
      344.965
      366.032
      461.959
      337.324
      475.710
      354.433
      389.601
      274.257
      354.745
      425.596
      345.917
      273.428
      333.095
      370.728
      420.048
      364.485
      366.727
      352.252
      390.974
      347.591
      399.396
      304.521
      340.126
      388.280
      364.951
      396.602
