X-values

      0.00000000
       2.1300000
       4.2600000
       6.3900000
       8.5200000
       10.650000
       12.780000
       14.910000
       17.040000
       19.170000
       21.300000
       23.430000
       25.560000
       27.690000
       29.820000
       31.950000
       34.080000
       36.210000
       38.340000
       40.470000
       42.600000
       44.730000
       46.860000
       48.990000
       51.120000
       53.250000
       55.380000
       57.510000
       59.640000
       61.770000
       63.900000
       66.030000
       68.160000
       70.290000
       72.420000
       74.550000
       76.680000
       78.810000
       80.940000
       83.070000
       85.200000
       87.330000
       89.460000
       91.590000
       93.720000
       95.850000
       97.980000
       100.11000
       102.24000
       104.37000
       106.50000
       108.63000
       110.76000
       112.89000
       115.02000
       117.15000
       119.28000
       121.41000
       123.54000
       125.67000
       127.80000
       129.93000
       132.06000
       134.19000
       136.32000
       138.45000
       140.58000
       142.71000
       144.84000
       146.97000
       149.10000
       151.23000
       153.36000
       155.49000
       157.62000
       159.75000
       161.88000
       164.01000
       166.14000
       168.27000
       170.40000
       172.53000
       174.66000
       176.79000
       178.92000
       181.05000
       183.18000
       185.31000
       187.44000
       189.57000
       191.70000
       193.83000
       195.96000
       198.09000
       200.22000
       202.35000
       204.48000
       206.61000
       208.74000
       210.87000
       213.00000
       215.13000
       217.26000
       219.39000
       221.52000
       223.65000
       225.78000
       227.91000
       230.04000
       232.17000
       234.30000
       236.43000
       238.56000
       240.69000
       242.82000
       244.95000
       247.08000
       249.21000
       251.34000
       253.47000
       255.60000
       257.73000
       259.86000
       261.99000
       264.12000

Y-values

      255.078
      332.816
      350.564
      227.015
      285.829
      328.700
      362.174
      274.666
      244.717
      258.969
      405.387
      325.847
      402.835
      273.806
      327.642
      346.967
      497.713
      352.893
      457.149
      619.051
      619.769
      566.038
      542.421
      673.120
      664.359
      655.203
      502.587
      523.801
      643.896
      601.394
      466.311
      499.989
      568.626
      561.822
      567.701
      517.456
      533.915
      561.755
      492.210
      488.249
      578.034
      464.883
      466.209
      466.319
      582.292
      604.053
      457.516
      490.100
      598.968
      597.905
      462.702
      525.455
      598.205
      473.965
      450.764
      457.618
      556.288
      602.724
      529.317
      449.708
      505.792
      570.799
      445.789
      593.856
      413.129
      533.862
      508.503
      448.388
      493.027
      552.366
      442.908
      445.806
      536.532
      641.290
      369.149
      429.522
      529.755
      512.687
      455.978
      517.191
      457.087
      456.933
      497.876
      518.775
      438.302
      419.010
      554.347
      494.930
      404.448
      534.546
      503.368
      443.221
      415.096
      409.149
      511.563
      418.261
      525.482
      487.314
      464.181
      424.988
      423.130
      509.676
      523.676
      437.344
      472.762
      484.396
      408.092
      481.024
      507.391
      636.534
      470.094
      402.137
      544.971
      501.878
      433.652
      463.896
      458.091
      494.955
      414.346
      407.785
      417.202
      542.147
      392.856
      405.801
      594.777
