X-values

      0.00000000
       2.1300001
       4.2600002
       6.3900003
       8.5200005
       10.650001
       12.780001
       14.910001
       17.040001
       19.170001
       21.300001
       23.430001
       25.560001
       27.690001
       29.820002
       31.950002
       34.080002
       36.210002
       38.340002
       40.470002
       42.600002
       44.730002
       46.860003
       48.990003
       51.120003
       53.250003
       55.380003
       57.510003
       59.640003
       61.770003
       63.900003
       66.030004
       68.160004
       70.290004
       72.420004
       74.550004
       76.680004
       78.810004
       80.940004
       83.070004
       85.200005
       87.330005
       89.460005
       91.590005
       93.720005
       95.850005
       97.980005
       100.11001
       102.24001
       104.37001
       106.50001
       108.63001
       110.76001
       112.89001
       115.02001
       117.15001
       119.28001
       121.41001
       123.54001
       125.67001
       127.80001
       129.93001
       132.06001
       134.19001
       136.32001
       138.45001
       140.58001
       142.71001
       144.84001
       146.97001
       149.10001
       151.23001
       153.36001
       155.49001
       157.62001
       159.75001
       161.88001
       164.01001
       166.14001
       168.27001
       170.40001
       172.53001
       174.66001
       176.79001
       178.92001
       181.05001
       183.18001
       185.31001
       187.44001
       189.57001
       191.70001
       193.83001
       195.96001
       198.09001
       200.22001
       202.35001
       204.48001
       206.61001
       208.74001
       210.87001
       213.00001
       215.13001
       217.26001
       219.39001
       221.52001
       223.65001
       225.78001
       227.91001
       230.04001
       232.17001
       234.30001
       236.43001
       238.56001
       240.69001
       242.82001
       244.95001
       247.08001
       249.21001
       251.34001
       253.47001
       255.60001
       257.73001
       259.86001
       261.99001
       264.12001

Y-values

      314.750
      277.500
      244.250
      282.000
      276.000
      231.000
      277.750
      270.500
      294.000
      283.000
      217.250
      356.750
      1115.25
      2070.50
      2091.25
      1976.25
      1684.00
      1251.75
      841.000
      703.000
      677.250
      578.250
      599.000
      714.750
      770.000
      803.500
      909.750
      789.500
      666.000
      725.250
      786.250
      807.500
      751.500
      721.750
      824.500
      821.750
      833.250
      771.000
      818.500
      812.250
      686.500
      796.500
      788.250
      710.250
      831.250
      728.000
      721.500
      750.500
      680.750
      705.250
      688.750
      689.000
      683.250
      674.250
      570.000
      593.500
      779.750
      754.000
      666.250
      621.000
      680.250
      676.750
      693.000
      656.000
      644.000
      636.500
      507.250
      633.500
      630.750
      587.750
      663.250
      617.750
      652.250
      554.250
      612.750
      636.500
      524.250
      614.750
      586.500
      617.250
      621.500
      569.750
      592.500
      608.000
      562.500
      501.750
      570.250
      556.500
      608.500
      523.250
      525.250
      524.250
      622.250
      599.500
      505.250
      556.000
      571.500
      652.750
      587.250
      693.250
      567.250
      564.500
      537.500
      576.000
      573.250
      518.250
      582.750
      500.250
      560.000
      548.750
      595.000
      541.750
      471.250
      541.000
      516.000
      609.750
      469.000
      585.500
      537.750
      534.250
      465.250
      601.250
      507.250
      588.750
      485.500
