X-values

      0.00000000
       2.1300000
       4.2700000
       6.4000000
       8.5400000
       10.680000
       12.810000
       14.950000
       17.080000
       19.220000
       21.360000
       23.490000
       25.630000
       27.770000
       29.900000
       32.040000
       34.170000
       36.310000
       38.450000
       40.580000
       42.720000
       44.850000
       46.990000
       49.130000
       51.260000
       53.400000
       55.540000
       57.670000
       59.810000
       61.940000
       64.080000
       66.220000
       68.350000
       70.490000
       72.620000
       74.760000
       76.900000
       79.030000
       81.170000
       83.300000
       85.440000
       87.580000
       89.710000
       91.850000
       93.980000
       96.120000
       98.260000
       100.39000
       102.53000
       104.67000
       106.80000
       108.94000
       111.08000
       113.21000
       115.35000
       117.48000
       119.62000
       121.76000
       123.89000
       126.03000
       128.16000
       130.30000
       132.44000
       134.57000
       136.71000
       138.84000
       140.98000
       143.12000
       145.25000
       147.39000
       149.52000
       151.66000
       153.80000
       155.93000
       158.07000
       160.21000
       162.34000
       164.48000
       166.61000
       168.75000
       170.89000
       173.02000
       175.16000
       177.30000
       179.43000
       181.57000
       183.70000
       185.84000
       187.98000
       190.11000
       192.25000
       194.38000
       196.52000
       198.66000
       200.79000
       202.93000
       205.07000
       207.20000
       209.34000
       211.47000
       213.61000
       215.75000
       217.88000
       220.02000
       222.15000
       224.29000
       226.43000
       228.56000
       230.70000
       232.83000
       234.97000
       237.11000
       239.24000
       241.38000
       243.52000
       245.65000
       247.79000
       249.92000
       252.06000
       254.20000
       256.33000
       258.47000
       260.60000
       262.74000
       264.88000

Y-values

      581.411
      513.912
      581.411
      286.870
      576.809
      378.914
      449.481
      613.626
      507.776
      598.286
      1560.15
      3038.98
      2891.71
      2301.10
      1615.37
      1142.88
      918.906
      768.567
      1270.21
      1297.82
      1402.14
      1282.48
      1264.07
      1086.12
      1087.65
      1021.69
      937.314
      1030.89
      1047.77
      1152.08
      1015.55
      1122.94
      1089.19
      943.451
      1257.93
      1047.77
      1172.03
      1132.14
      1093.79
      1121.40
      1023.22
      1086.12
      998.677
      1055.44
      958.791
      1248.73
      1018.62
      1033.96
      1009.42
      1066.18
      958.791
      872.884
      1030.89
      1015.55
      935.780
      961.859
      980.268
      894.360
      928.110
      877.486
      958.791
      895.895
      1076.91
      902.031
      960.325
      926.576
      906.633
      935.780
      934.246
      914.303
      971.064
      886.690
      1081.52
      750.158
      1014.02
      773.169
      1006.35
      837.600
      937.314
      940.382
      932.712
      1110.66
      897.429
      823.793
      958.791
      908.167
      925.042
      849.873
      1000.21
      852.941
      806.919
      854.475
      790.044
      1081.52
      928.110
      859.077
      813.055
      875.952
      937.314
      997.143
      915.837
      974.132
      875.952
      872.884
      848.339
      903.565
      794.646
      888.224
      848.339
      852.941
      849.873
      1027.82
      820.725
      874.418
      912.769
      770.101
      952.655
      817.657
      892.826
      719.477
      897.429
      860.611
      906.633
      928.110
      894.360
