X-values

      0.00000000
       2.1300000
       4.2700000
       6.4000000
       8.5400000
       10.680000
       12.810000
       14.950000
       17.080000
       19.220000
       21.360000
       23.490000
       25.630000
       27.770000
       29.900000
       32.040000
       34.170000
       36.310000
       38.450000
       40.580000
       42.720000
       44.850000
       46.990000
       49.130000
       51.260000
       53.400000
       55.540000
       57.670000
       59.810000
       61.940000
       64.080000
       66.220000
       68.350000
       70.490000
       72.620000
       74.760000
       76.900000
       79.030000
       81.170000
       83.300000
       85.440000
       87.580000
       89.710000
       91.850000
       93.980000
       96.120000
       98.260000
       100.39000
       102.53000
       104.67000
       106.80000
       108.94000
       111.08000
       113.21000
       115.35000
       117.48000
       119.62000
       121.76000
       123.89000
       126.03000
       128.16000
       130.30000
       132.44000
       134.57000
       136.71000
       138.84000
       140.98000
       143.12000
       145.25000
       147.39000
       149.52000
       151.66000
       153.80000
       155.93000
       158.07000
       160.21000
       162.34000
       164.48000
       166.61000
       168.75000
       170.89000
       173.02000
       175.16000
       177.30000
       179.43000
       181.57000
       183.70000
       185.84000
       187.98000
       190.11000
       192.25000
       194.38000
       196.52000
       198.66000
       200.79000
       202.93000
       205.07000
       207.20000
       209.34000
       211.47000
       213.61000
       215.75000
       217.88000
       220.02000
       222.15000
       224.29000
       226.43000
       228.56000
       230.70000
       232.83000
       234.97000
       237.11000
       239.24000
       241.38000
       243.52000
       245.65000
       247.79000
       249.92000
       252.06000
       254.20000
       256.33000
       258.47000
       260.60000
       262.74000
       264.88000

Y-values

      333.066
      348.833
      314.043
      332.971
      348.317
      331.473
      345.803
      339.769
      323.112
      338.876
      340.442
      355.121
      439.881
      548.561
      681.964
      810.674
      898.053
      926.888
      924.294
      921.220
      895.161
      837.866
      792.995
      784.067
      785.388
      776.170
      748.089
      756.850
      769.017
      722.428
      735.421
      755.674
      719.297
      774.977
      729.414
      749.689
      770.357
      761.369
      785.885
      795.194
      799.826
      810.662
      871.004
      813.167
      852.037
      832.846
      829.135
      850.989
      807.281
      817.721
      849.807
      828.977
      838.039
      868.698
      814.484
      840.460
      816.959
      831.580
      842.286
      832.826
      846.723
      832.115
      847.581
      832.363
      839.775
      849.919
      830.956
      874.230
      837.395
      855.799
      842.255
      849.530
      843.746
      849.551
      860.978
      851.258
      837.181
      847.534
      864.241
      879.834
      838.183
      856.198
      888.034
      831.138
      839.195
      850.617
      834.596
      822.002
      830.552
      831.923
      829.606
      825.247
      829.110
      839.657
      825.588
      830.668
      845.946
      808.936
      819.426
      810.943
      818.694
      805.979
      806.726
      794.402
      816.021
      815.839
      805.613
      797.666
      798.999
      804.860
      844.608
      807.361
      810.337
      793.280
      792.768
      823.664
      801.173
      798.915
      864.765
      794.254
      813.495
      794.080
      800.497
      832.572
      790.962
