X-values

      0.00000000
       2.1300000
       4.2700000
       6.4000000
       8.5400000
       10.680000
       12.810000
       14.950000
       17.080000
       19.220000
       21.360000
       23.490000
       25.630000
       27.770000
       29.900000
       32.040000
       34.170000
       36.310000
       38.450000
       40.580000
       42.720000
       44.850000
       46.990000
       49.130000
       51.260000
       53.400000
       55.540000
       57.670000
       59.810000
       61.940000
       64.080000
       66.220000
       68.350000
       70.490000
       72.620000
       74.760000
       76.900000
       79.030000
       81.170000
       83.300000
       85.440000
       87.580000
       89.710000
       91.850000
       93.980000
       96.120000
       98.260000
       100.39000
       102.53000
       104.67000
       106.80000
       108.94000
       111.08000
       113.21000
       115.35000
       117.48000
       119.62000
       121.76000
       123.89000
       126.03000
       128.16000
       130.30000
       132.44000
       134.57000
       136.71000
       138.84000
       140.98000
       143.12000
       145.25000
       147.39000
       149.52000
       151.66000
       153.80000
       155.93000
       158.07000
       160.21000
       162.34000
       164.48000
       166.61000
       168.75000
       170.89000
       173.02000
       175.16000
       177.30000
       179.43000
       181.57000
       183.70000
       185.84000
       187.98000
       190.11000
       192.25000
       194.38000
       196.52000
       198.66000
       200.79000
       202.93000
       205.07000
       207.20000
       209.34000
       211.47000
       213.61000
       215.75000
       217.88000
       220.02000
       222.15000
       224.29000
       226.43000
       228.56000
       230.70000
       232.83000
       234.97000
       237.11000
       239.24000
       241.38000
       243.52000
       245.65000
       247.79000
       249.92000
       252.06000
       254.20000
       256.33000
       258.47000
       260.60000
       262.74000
       264.88000

Y-values

      375.817
      327.086
      351.740
      309.627
      328.020
      323.442
      338.411
      369.259
      317.832
      358.781
      312.993
      357.047
      293.887
      394.862
      471.696
      588.153
      705.665
      706.659
      717.006
      664.582
      664.317
      626.429
      652.341
      684.153
      660.975
      662.762
      680.458
      723.276
      678.160
      725.176
      762.023
      690.538
      722.745
      676.359
      736.724
      711.079
      729.405
      713.006
      781.868
      710.514
      776.012
      858.815
      784.408
      833.431
      780.635
      765.218
      796.399
      826.235
      772.120
      808.172
      831.603
      816.880
      838.996
      817.373
      833.519
      806.023
      799.420
      812.094
      833.406
      781.361
      841.503
      799.770
      853.762
      789.476
      835.523
      805.525
      831.317
      856.605
      813.035
      844.680
      762.861
      827.790
      915.381
      815.014
      848.427
      786.884
      789.652
      781.354
      795.991
      802.147
      793.648
      835.961
      767.115
      816.226
      755.006
      806.659
      833.145
      783.924
      834.874
      760.858
      865.394
      752.498
      767.297
      725.096
      825.250
      753.704
      757.631
      770.994
      745.619
      772.620
      708.823
      772.963
      717.531
      759.715
      753.678
      739.029
      783.526
      721.445
      775.435
      747.843
      737.820
      753.105
      721.218
      807.510
      682.610
      733.752
      749.079
      712.145
      749.548
      775.360
      720.123
      750.592
      688.016
      723.687
      796.500
