X-values

      0.00000000
       2.1300001
       4.2600002
       6.3900003
       8.5200005
       10.650001
       12.780001
       14.910001
       17.040001
       19.170001
       21.300001
       23.430001
       25.560001
       27.690001
       29.820002
       31.950002
       34.080002
       36.210002
       38.340002
       40.470002
       42.600002
       44.730002
       46.860003
       48.990003
       51.120003
       53.250003
       55.380003
       57.510003
       59.640003
       61.770003
       63.900003
       66.030004
       68.160004
       70.290004
       72.420004
       74.550004
       76.680004
       78.810004
       80.940004
       83.070004
       85.200005
       87.330005
       89.460005
       91.590005
       93.720005
       95.850005
       97.980005
       100.11001
       102.24001
       104.37001
       106.50001
       108.63001
       110.76001
       112.89001
       115.02001
       117.15001
       119.28001
       121.41001
       123.54001
       125.67001
       127.80001
       129.93001
       132.06001
       134.19001
       136.32001
       138.45001
       140.58001
       142.71001
       144.84001
       146.97001
       149.10001
       151.23001
       153.36001
       155.49001
       157.62001
       159.75001
       161.88001
       164.01001
       166.14001
       168.27001
       170.40001
       172.53001
       174.66001
       176.79001
       178.92001
       181.05001
       183.18001
       185.31001
       187.44001
       189.57001
       191.70001
       193.83001
       195.96001
       198.09001
       200.22001
       202.35001
       204.48001
       206.61001
       208.74001
       210.87001
       213.00001
       215.13001
       217.26001
       219.39001
       221.52001
       223.65001
       225.78001
       227.91001
       230.04001
       232.17001
       234.30001
       236.43001
       238.56001
       240.69001
       242.82001
       244.95001
       247.08001
       249.21001
       251.34001
       253.47001
       255.60001
       257.73001
       259.86001
       261.99001
       264.12001

Y-values

      154.818
      163.727
      126.364
      153.182
      127.727
      115.273
      138.273
      90.0909
      159.091
      163.091
      179.545
      233.091
      774.727
      1159.36
      1258.00
      1103.18
      946.273
      729.364
      492.000
      339.364
      298.727
      318.909
      438.273
      467.364
      487.364
      534.273
      556.091
      498.727
      395.364
      405.182
      403.636
      356.636
      395.455
      398.455
      430.000
      395.455
      446.273
      409.273
      448.091
      457.000
      417.545
      491.000
      383.455
      400.909
      368.909
      427.909
      384.091
      362.818
      368.273
      435.091
      514.636
      403.364
      369.182
      385.636
      350.182
      386.727
      345.000
      392.818
      361.091
      389.818
      301.364
      371.909
      337.727
      367.455
      320.091
      386.455
      420.455
      420.636
      320.455
      273.273
      342.818
      317.909
      368.000
      360.273
      323.909
      419.909
      341.455
      293.636
      377.091
      325.000
      322.091
      319.000
      341.091
      354.545
      323.364
      349.364
      318.182
      351.909
      270.364
      351.545
      361.727
      347.455
      344.455
      296.909
      384.182
      339.000
      270.091
      323.636
      327.636
      362.273
      318.545
      277.818
      321.818
      323.182
      306.000
      309.364
      317.182
      421.545
      305.909
      309.909
      293.909
      396.727
      340.909
      310.364
      345.818
      332.182
      333.364
      308.545
      251.364
      304.455
      309.091
      339.455
      305.909
      293.455
      323.000
