X-values

      0.00000000
       2.1300000
       4.2700000
       6.4000000
       8.5400000
       10.680000
       12.810000
       14.950000
       17.090000
       19.220000
       21.360000
       23.490000
       25.630000
       27.770000
       29.900000
       32.040000
       34.170000
       36.310000
       38.450000
       40.580000
       42.720000
       44.860000
       46.990000
       49.130000
       51.260000
       53.400000
       55.540000
       57.670000
       59.810000
       61.940000
       64.080000
       66.220000
       68.350000
       70.490000
       72.620000
       74.760000
       76.900000
       79.030000
       81.170000
       83.310000
       85.440000
       87.580000
       89.710000
       91.850000
       93.990000
       96.120000
       98.260000
       100.40000
       102.53000
       104.67000
       106.80000
       108.94000
       111.08000
       113.21000
       115.35000
       117.48000
       119.62000
       121.76000
       123.89000
       126.03000
       128.16000
       130.30000
       132.44000
       134.57000
       136.71000
       138.85000
       140.98000
       143.12000
       145.25000
       147.39000
       149.53000
       151.66000
       153.80000
       155.94000
       158.07000
       160.21000
       162.34000
       164.48000
       166.61000
       168.75000
       170.89000
       173.02000
       175.16000
       177.30000
       179.43000
       181.57000
       183.71000
       185.84000
       187.98000
       190.11000
       192.25000
       194.38000
       196.52000
       198.66000
       200.79000
       202.93000
       205.07000
       207.20000
       209.34000
       211.47000
       213.61000
       215.75000
       217.88000
       220.02000
       222.16000
       224.29000
       226.43000
       228.56000
       230.70000
       232.84000
       234.97000
       237.11000
       239.25000
       241.38000
       243.52000
       245.65000
       247.79000
       249.92000
       252.06000
       254.20000
       256.33000
       258.47000
       260.61000
       262.74000
       264.88000

Y-values

      142.267
      162.678
      169.989
      229.394
      204.413
      193.142
      234.268
      205.936
      257.421
      207.460
      429.542
      1287.10
      2025.55
      2282.06
      1928.67
      1488.17
      1242.32
      1068.98
      926.714
      847.203
      737.838
      801.203
      871.879
      862.435
      915.747
      879.495
      892.899
      810.037
      825.574
      785.666
      745.149
      870.661
      660.764
      667.466
      705.850
      789.322
      788.408
      755.811
      752.460
      677.824
      697.016
      835.932
      757.335
      732.354
      663.201
      690.314
      638.830
      724.738
      683.307
      737.838
      655.889
      642.485
      673.559
      703.413
      750.023
      629.081
      673.254
      640.353
      597.703
      614.458
      649.492
      761.904
      654.671
      619.333
      639.439
      588.564
      646.750
      537.385
      608.061
      495.954
      676.605
      616.896
      655.585
      631.823
      635.174
      723.519
      604.101
      581.253
      586.127
      576.378
      549.266
      540.431
      570.895
      493.516
      595.875
      598.922
      628.167
      621.161
      637.611
      600.140
      526.113
      530.987
      540.126
      551.093
      577.292
      537.080
      640.962
      570.895
      536.471
      633.346
      544.087
      609.889
      595.875
      608.975
      539.822
      520.629
      516.060
      507.225
      549.266
      629.690
      582.776
      483.768
      516.669
      489.556
      603.187
      507.530
      531.596
      477.066
      530.683
      502.046
      636.393
      479.198
      543.782
      495.040
      470.364
