X-values

      0.00000000
       2.1300000
       4.2600000
       6.3900000
       8.5200000
       10.650000
       12.780000
       14.910000
       17.040000
       19.170000
       21.300000
       23.430000
       25.560000
       27.690000
       29.820000
       31.950000
       34.080000
       36.210000
       38.340000
       40.470000
       42.600000
       44.730000
       46.860000
       48.990000
       51.120000
       53.250000
       55.380000
       57.510000
       59.640000
       61.770000
       63.900000
       66.030000
       68.160000
       70.290000
       72.420000
       74.550000
       76.680000
       78.810000
       80.940000
       83.070000
       85.200000
       87.330000
       89.460000
       91.590000
       93.720000
       95.850000
       97.980000
       100.11000
       102.24000
       104.37000
       106.50000
       108.63000
       110.76000
       112.89000
       115.02000
       117.15000
       119.28000
       121.41000
       123.54000
       125.67000
       127.80000
       129.93000
       132.06000
       134.19000
       136.32000
       138.45000
       140.58000
       142.71000
       144.84000
       146.97000
       149.10000
       151.23000
       153.36000
       155.49000
       157.62000
       159.75000
       161.88000
       164.01000
       166.14000
       168.27000
       170.40000
       172.53000
       174.66000
       176.79000
       178.92000
       181.05000
       183.18000
       185.31000
       187.44000
       189.57000
       191.70000
       193.83000
       195.96000
       198.09000
       200.22000
       202.35000
       204.48000
       206.61000
       208.74000
       210.87000
       213.00000
       215.13000
       217.26000
       219.39000
       221.52000
       223.65000
       225.78000
       227.91000
       230.04000
       232.17000
       234.30000
       236.43000
       238.56000
       240.69000
       242.82000
       244.95000
       247.08000
       249.21000
       251.34000
       253.47000
       255.60000
       257.73000
       259.86000
       261.99000
       264.12000

Y-values

      278.444
      339.523
      296.583
      400.331
      285.389
      345.375
      279.779
      322.649
      283.946
      337.935
      292.180
      333.109
      319.336
      323.708
      324.534
      290.393
      376.185
      283.194
      383.473
      331.569
      453.229
      502.393
      538.530
      568.713
      665.401
      661.831
      708.222
      645.031
      706.459
      658.539
      623.387
      697.682
      666.729
      650.373
      652.274
      571.730
      642.630
      604.982
      563.296
      660.999
      519.289
      561.091
      602.132
      535.480
      598.346
      619.570
      524.310
      539.013
      611.403
      537.654
      616.009
      572.287
      585.759
      611.428
      587.920
      567.959
      617.307
      569.299
      603.944
      554.725
      611.240
      553.095
      618.632
      524.629
      609.240
      521.161
      627.598
      548.514
      534.762
      600.000
      538.253
      500.658
      607.145
      558.667
      601.217
      621.078
      596.919
      593.811
      576.930
      537.970
      600.893
      545.839
      652.492
      530.700
      508.887
      560.492
      583.431
      579.984
      545.839
      594.180
      593.707
      599.215
      563.557
      540.084
      566.762
      630.607
      562.334
      604.503
      599.149
      547.884
      579.095
      628.433
      525.798
      534.404
      619.486
      519.908
      539.090
      616.423
      605.273
      523.373
      575.977
      585.336
      581.518
      596.220
      582.784
      591.218
      544.639
      597.382
      620.430
      550.946
      645.976
      539.825
      533.416
      641.140
      534.816
