X-values

      0.00000000
       2.1300001
       4.2600002
       6.3900003
       8.5200005
       10.650001
       12.780001
       14.910001
       17.040001
       19.170001
       21.300001
       23.430001
       25.560001
       27.690001
       29.820002
       31.950002
       34.080002
       36.210002
       38.340002
       40.470002
       42.600002
       44.730002
       46.860003
       48.990003
       51.120003
       53.250003
       55.380003
       57.510003
       59.640003
       61.770003
       63.900003
       66.030004
       68.160004
       70.290004
       72.420004
       74.550004
       76.680004
       78.810004
       80.940004
       83.070004
       85.200005
       87.330005
       89.460005
       91.590005
       93.720005
       95.850005
       97.980005
       100.11001
       102.24001
       104.37001
       106.50001
       108.63001
       110.76001
       112.89001
       115.02001
       117.15001
       119.28001
       121.41001
       123.54001
       125.67001
       127.80001
       129.93001
       132.06001
       134.19001
       136.32001
       138.45001
       140.58001
       142.71001
       144.84001
       146.97001
       149.10001
       151.23001
       153.36001
       155.49001
       157.62001
       159.75001
       161.88001
       164.01001
       166.14001
       168.27001
       170.40001
       172.53001
       174.66001
       176.79001
       178.92001
       181.05001
       183.18001
       185.31001
       187.44001
       189.57001
       191.70001
       193.83001
       195.96001
       198.09001
       200.22001
       202.35001
       204.48001
       206.61001
       208.74001
       210.87001
       213.00001
       215.13001
       217.26001
       219.39001
       221.52001
       223.65001
       225.78001
       227.91001
       230.04001
       232.17001
       234.30001
       236.43001
       238.56001
       240.69001
       242.82001
       244.95001
       247.08001
       249.21001
       251.34001
       253.47001
       255.60001
       257.73001
       259.86001
       261.99001
       264.12001

Y-values

      195.408
      205.522
      184.832
      189.974
      188.380
      171.314
      202.158
      185.565
      206.783
      186.369
      203.331
      189.275
      224.539
      221.350
      291.856
      373.137
      413.394
      452.569
      439.597
      426.827
      413.891
      420.770
      358.630
      379.473
      370.948
      352.719
      355.833
      360.647
      353.820
      364.629
      342.301
      328.012
      356.910
      362.988
      344.958
      357.134
      354.844
      360.753
      351.452
      338.948
      369.097
      376.068
      353.699
      364.598
      378.499
      368.579
      357.383
      377.017
      381.768
      366.372
      392.204
      360.899
      377.033
      372.824
      367.958
      381.722
      389.734
      380.606
      358.968
      361.488
      372.829
      372.638
      360.663
      380.320
      356.942
      365.930
      378.978
      355.476
      385.697
      338.232
      379.814
      395.852
      373.430
      401.022
      387.984
      372.060
      391.693
      373.014
      404.922
      377.145
      385.778
      390.451
      358.612
      383.831
      390.117
      363.369
      379.961
      390.492
      415.061
      376.362
      393.549
      390.242
      355.948
      379.864
      396.724
      382.837
      381.084
      393.047
      363.024
      380.053
      381.394
      366.105
      393.117
      360.418
      380.042
      371.158
      371.838
      383.008
      378.283
      381.469
      400.102
      363.238
      408.512
      374.917
      379.164
      389.452
      362.033
      382.083
      357.350
      386.762
      368.121
      383.775
      395.972
      365.111
      394.217
