X-values

      0.00000000
       2.1300001
       4.2600002
       6.3900003
       8.5200005
       10.650001
       12.780001
       14.910001
       17.040001
       19.170001
       21.300001
       23.430001
       25.560001
       27.690001
       29.820002
       31.950002
       34.080002
       36.210002
       38.340002
       40.470002
       42.600002
       44.730002
       46.860003
       48.990003
       51.120003
       53.250003
       55.380003
       57.510003
       59.640003
       61.770003
       63.900003
       66.030004
       68.160004
       70.290004
       72.420004
       74.550004
       76.680004
       78.810004
       80.940004
       83.070004
       85.200005
       87.330005
       89.460005
       91.590005
       93.720005
       95.850005
       97.980005
       100.11001
       102.24001
       104.37001
       106.50001
       108.63001
       110.76001
       112.89001
       115.02001
       117.15001
       119.28001
       121.41001
       123.54001
       125.67001
       127.80001
       129.93001
       132.06001
       134.19001
       136.32001
       138.45001
       140.58001
       142.71001
       144.84001
       146.97001
       149.10001
       151.23001
       153.36001
       155.49001
       157.62001
       159.75001
       161.88001
       164.01001
       166.14001
       168.27001
       170.40001
       172.53001
       174.66001
       176.79001
       178.92001
       181.05001
       183.18001
       185.31001
       187.44001
       189.57001
       191.70001
       193.83001
       195.96001
       198.09001
       200.22001
       202.35001
       204.48001
       206.61001
       208.74001
       210.87001
       213.00001
       215.13001
       217.26001
       219.39001
       221.52001
       223.65001
       225.78001
       227.91001
       230.04001
       232.17001
       234.30001
       236.43001
       238.56001
       240.69001
       242.82001
       244.95001
       247.08001
       249.21001
       251.34001
       253.47001
       255.60001
       257.73001
       259.86001
       261.99001
       264.12001

Y-values

      289.333
      297.000
      263.167
      289.000
      282.667
      284.833
      212.833
      213.167
      239.667
      266.667
      278.167
      292.167
      242.500
      296.833
      304.000
      222.000
      315.500
      481.167
      742.167
      934.000
      1056.00
      1031.67
      1159.33
      986.167
      1047.67
      914.833
      948.500
      812.667
      826.667
      772.667
      765.167
      781.333
      748.500
      681.333
      742.667
      745.167
      745.167
      614.667
      652.500
      625.667
      667.500
      568.333
      625.833
      708.667
      693.333
      669.500
      593.667
      688.667
      670.667
      683.667
      621.500
      667.500
      631.667
      659.500
      629.167
      610.833
      635.167
      654.167
      619.500
      629.167
      661.167
      620.000
      660.167
      621.167
      602.000
      612.667
      609.667
      584.833
      641.333
      583.833
      597.500
      614.667
      564.500
      602.833
      571.167
      568.833
      530.000
      579.833
      590.667
      614.167
      595.833
      514.167
      594.333
      555.000
      579.167
      522.500
      570.833
      551.000
      557.000
      537.833
      564.500
      516.000
      498.500
      551.333
      526.167
      536.167
      540.667
      565.667
      564.833
      507.000
      549.333
      604.500
      541.167
      544.167
      544.667
      503.000
      520.167
      545.500
      526.833
      541.167
      521.167
      533.667
      549.500
      484.000
      527.667
      520.167
      521.500
      533.833
      518.000
      567.500
      488.000
      536.833
      449.667
      541.000
      547.500
