X-values

      0.00000000
       2.1300001
       4.2600002
       6.3900003
       8.5200005
       10.650001
       12.780001
       14.910001
       17.040001
       19.170001
       21.300001
       23.430001
       25.560001
       27.690001
       29.820002
       31.950002
       34.080002
       36.210002
       38.340002
       40.470002
       42.600002
       44.730002
       46.860003
       48.990003
       51.120003
       53.250003
       55.380003
       57.510003
       59.640003
       61.770003
       63.900003
       66.030004
       68.160004
       70.290004
       72.420004
       74.550004
       76.680004
       78.810004
       80.940004
       83.070004
       85.200005
       87.330005
       89.460005
       91.590005
       93.720005
       95.850005
       97.980005
       100.11001
       102.24001
       104.37001
       106.50001
       108.63001
       110.76001
       112.89001
       115.02001
       117.15001
       119.28001
       121.41001
       123.54001
       125.67001
       127.80001
       129.93001
       132.06001
       134.19001
       136.32001
       138.45001
       140.58001
       142.71001
       144.84001
       146.97001
       149.10001
       151.23001
       153.36001
       155.49001
       157.62001
       159.75001
       161.88001
       164.01001
       166.14001
       168.27001
       170.40001
       172.53001
       174.66001
       176.79001
       178.92001
       181.05001
       183.18001
       185.31001
       187.44001
       189.57001
       191.70001
       193.83001
       195.96001
       198.09001
       200.22001
       202.35001
       204.48001
       206.61001
       208.74001
       210.87001
       213.00001
       215.13001
       217.26001
       219.39001
       221.52001
       223.65001
       225.78001
       227.91001
       230.04001
       232.17001
       234.30001
       236.43001
       238.56001
       240.69001
       242.82001
       244.95001
       247.08001
       249.21001
       251.34001
       253.47001
       255.60001
       257.73001
       259.86001
       261.99001
       264.12001

Y-values

      172.092
      114.040
      142.683
      153.229
      144.315
      150.401
      147.594
      140.213
      154.678
      164.551
      159.154
      160.491
      137.312
      148.705
      158.628
      142.368
      162.630
      162.409
      186.078
      204.260
      213.969
      235.178
      253.928
      271.434
      277.938
      280.265
      277.047
      280.165
      268.565
      290.083
      280.057
      278.061
      279.678
      277.742
      260.070
      279.555
      280.955
      278.163
      265.904
      246.122
      257.187
      275.961
      269.890
      273.897
      265.604
      273.890
      273.404
      268.175
      281.514
      279.712
      290.003
      287.124
      294.910
      283.982
      296.898
      284.543
      284.000
      276.361
      288.999
      269.228
      290.128
      292.998
      286.350
      291.343
      288.859
      286.930
      282.863
      279.924
      291.345
      294.196
      282.508
      291.708
      293.334
      289.888
      329.886
      300.035
      293.047
      282.088
      296.189
      282.746
      297.406
      303.211
      287.719
      296.802
      292.730
      319.898
      296.381
      305.102
      295.409
      296.137
      301.818
      302.876
      299.869
      292.121
      290.272
      272.406
      295.914
      293.066
      280.409
      299.067
      299.200
      286.492
      292.536
      305.256
      294.064
      290.015
      293.766
      300.699
      284.512
      300.307
      282.560
      292.231
      301.859
      291.211
      283.713
      291.349
      297.901
      299.988
      294.583
      304.651
      278.664
      301.377
      316.485
      289.929
      301.798
