X-values

      0.00000000
       2.1300000
       4.2700000
       6.4000000
       8.5400000
       10.680000
       12.810000
       14.950000
       17.090000
       19.220000
       21.360000
       23.490000
       25.630000
       27.770000
       29.900000
       32.040000
       34.170000
       36.310000
       38.450000
       40.580000
       42.720000
       44.860000
       46.990000
       49.130000
       51.260000
       53.400000
       55.540000
       57.670000
       59.810000
       61.940000
       64.080000
       66.220000
       68.350000
       70.490000
       72.620000
       74.760000
       76.900000
       79.030000
       81.170000
       83.310000
       85.440000
       87.580000
       89.710000
       91.850000
       93.990000
       96.120000
       98.260000
       100.40000
       102.53000
       104.67000
       106.80000
       108.94000
       111.08000
       113.21000
       115.35000
       117.48000
       119.62000
       121.76000
       123.89000
       126.03000
       128.16000
       130.30000
       132.44000
       134.57000
       136.71000
       138.85000
       140.98000
       143.12000
       145.25000
       147.39000
       149.53000
       151.66000
       153.80000
       155.94000
       158.07000
       160.21000
       162.34000
       164.48000
       166.61000
       168.75000
       170.89000
       173.02000
       175.16000
       177.30000
       179.43000
       181.57000
       183.71000
       185.84000
       187.98000
       190.11000
       192.25000
       194.38000
       196.52000
       198.66000
       200.79000
       202.93000
       205.07000
       207.20000
       209.34000
       211.47000
       213.61000
       215.75000
       217.88000
       220.02000
       222.16000
       224.29000
       226.43000
       228.56000
       230.70000
       232.84000
       234.97000
       237.11000
       239.25000
       241.38000
       243.52000
       245.65000
       247.79000
       249.92000
       252.06000
       254.20000
       256.33000
       258.47000
       260.61000
       262.74000
       264.88000

Y-values

      355.472
      292.721
      289.058
      301.292
      288.885
      278.447
      292.979
      270.720
      303.408
      282.862
      352.982
      271.079
      274.106
      290.101
      301.023
      348.738
      268.351
      374.270
      270.260
      292.243
      323.455
      323.376
      280.408
      338.312
      281.537
      350.444
      301.804
      344.934
      377.423
      434.084
      521.293
      569.280
      591.207
      616.216
      641.122
      644.850
      638.847
      647.699
      614.604
      619.810
      620.963
      626.970
      620.068
      595.226
      597.091
      654.283
      631.665
      601.398
      645.321
      604.479
      604.656
      629.712
      640.928
      618.107
      646.743
      627.534
      654.211
      606.128
      642.140
      610.985
      653.757
      625.715
      662.340
      627.900
      616.679
      633.655
      622.998
      608.817
      649.837
      655.122
      612.155
      661.899
      644.384
      629.843
      621.346
      655.299
      621.414
      655.534
      625.153
      646.989
      621.489
      644.264
      629.501
      638.411
      626.330
      649.075
      646.886
      625.516
      657.925
      617.104
      672.083
      625.947
      622.578
      657.511
      630.156
      651.397
      660.561
      642.620
      636.354
      630.420
      653.357
      614.013
      653.086
      597.608
      624.120
      615.010
      606.640
      642.017
      603.253
      645.193
      603.467
      627.496
      605.498
      587.326
      611.809
      595.363
      573.485
      596.984
      590.393
      579.425
      625.847
      626.899
      586.268
      626.818
      654.124
