X-values

      0.00000000
       2.1300001
       4.2600002
       6.3900003
       8.5200005
       10.650001
       12.780001
       14.910001
       17.040001
       19.170001
       21.300001
       23.430001
       25.560001
       27.690001
       29.820002
       31.950002
       34.080002
       36.210002
       38.340002
       40.470002
       42.600002
       44.730002
       46.860003
       48.990003
       51.120003
       53.250003
       55.380003
       57.510003
       59.640003
       61.770003
       63.900003
       66.030004
       68.160004
       70.290004
       72.420004
       74.550004
       76.680004
       78.810004
       80.940004
       83.070004
       85.200005
       87.330005
       89.460005
       91.590005
       93.720005
       95.850005
       97.980005
       100.11001
       102.24001
       104.37001
       106.50001
       108.63001
       110.76001
       112.89001
       115.02001
       117.15001
       119.28001
       121.41001
       123.54001
       125.67001
       127.80001
       129.93001
       132.06001
       134.19001
       136.32001
       138.45001
       140.58001
       142.71001
       144.84001
       146.97001
       149.10001
       151.23001
       153.36001
       155.49001
       157.62001
       159.75001
       161.88001
       164.01001
       166.14001
       168.27001
       170.40001
       172.53001
       174.66001
       176.79001
       178.92001
       181.05001
       183.18001
       185.31001
       187.44001
       189.57001
       191.70001
       193.83001
       195.96001
       198.09001
       200.22001
       202.35001
       204.48001
       206.61001
       208.74001
       210.87001
       213.00001
       215.13001
       217.26001
       219.39001
       221.52001
       223.65001
       225.78001
       227.91001
       230.04001
       232.17001
       234.30001
       236.43001
       238.56001
       240.69001
       242.82001
       244.95001
       247.08001
       249.21001
       251.34001
       253.47001
       255.60001
       257.73001
       259.86001
       261.99001
       264.12001

Y-values

      159.766
      213.210
      170.670
      171.368
      210.535
      188.400
      213.575
      171.123
      208.092
      200.667
      176.524
      228.755
      231.198
      316.439
      386.800
      447.889
      458.688
      438.522
      442.543
      438.040
      378.018
      397.982
      385.822
      353.112
      362.241
      368.727
      362.632
      419.220
      370.449
      356.243
      349.107
      366.438
      362.510
      372.990
      403.084
      363.057
      344.785
      372.712
      356.951
      378.497
      361.699
      367.197
      367.815
      364.093
      372.548
      360.491
      386.907
      379.357
      392.558
      371.901
      410.964
      396.617
      382.334
      384.392
      369.447
      356.934
      371.094
      399.406
      381.646
      396.814
      392.446
      417.358
      380.598
      406.108
      371.638
      399.713
      391.005
      392.836
      375.374
      378.498
      410.012
      391.158
      397.827
      387.282
      413.165
      373.053
      407.773
      383.028
      407.760
      397.226
      397.011
      338.251
      386.554
      425.974
      380.199
      421.784
      381.133
      402.627
      435.418
      376.091
      401.499
      423.608
      366.555
      394.866
      378.293
      404.340
      358.518
      380.762
      384.210
      372.793
      436.123
      386.445
      372.085
      373.384
      381.468
      400.896
      366.354
      370.892
      401.546
      373.804
      372.696
      369.060
      400.068
      469.120
      368.216
      375.904
      377.198
      401.686
      370.305
      412.540
      342.212
      390.836
      400.867
      395.435
      411.010
