X-values

      0.00000000
       2.1300001
       4.2600002
       6.3900003
       8.5200004
       10.650001
       12.780001
       14.910001
       17.040001
       19.170001
       21.300001
       23.430001
       25.560001
       27.690001
       29.820001
       31.950002
       34.080002
       36.210002
       38.340002
       40.470002
       42.600002
       44.730002
       46.860002
       48.990002
       51.120002
       53.250003
       55.380003
       57.510003
       59.640003
       61.770003
       63.900003
       66.030003
       68.160003
       70.290003
       72.420003
       74.550004
       76.680004
       78.810004
       80.940004
       83.070004
       85.200004
       87.330004
       89.460004
       91.590004
       93.720004
       95.850005
       97.980005
       100.11000
       102.24000
       104.37000
       106.50001
       108.63001
       110.76001
       112.89001
       115.02001
       117.15001
       119.28001
       121.41001
       123.54001
       125.67001
       127.80001
       129.93001
       132.06001
       134.19001
       136.32001
       138.45001
       140.58001
       142.71001
       144.84001
       146.97001
       149.10001
       151.23001
       153.36001
       155.49001
       157.62001
       159.75001
       161.88001
       164.01001
       166.14001
       168.27001
       170.40001
       172.53001
       174.66001
       176.79001
       178.92001
       181.05001
       183.18001
       185.31001
       187.44001
       189.57001
       191.70001
       193.83001
       195.96001
       198.09001
       200.22001
       202.35001
       204.48001
       206.61001
       208.74001
       210.87001
       213.00001
       215.13001
       217.26001
       219.39001
       221.52001
       223.65001
       225.78001
       227.91001
       230.04001
       232.17001
       234.30001
       236.43001
       238.56001
       240.69001
       242.82001
       244.95001
       247.08001
       249.21001
       251.34001
       253.47001
       255.60001
       257.73001
       259.86001
       261.99001
       264.12001

Y-values

      228.349
      150.517
      180.763
      153.542
      161.583
      150.651
      164.382
      137.128
      164.786
      140.834
      157.621
      149.498
      160.107
      186.480
      262.591
      304.697
      346.388
      432.417
      373.072
      374.320
      338.570
      312.446
      328.717
      355.917
      334.440
      309.307
      324.762
      311.695
      343.464
      340.275
      349.418
      448.700
      349.270
      354.197
      345.058
      418.989
      355.681
      381.386
      360.991
      344.882
      362.037
      390.073
      355.455
      383.965
      376.151
      328.723
      379.328
      341.148
      361.609
      364.188
      380.443
      385.055
      372.908
      360.271
      375.207
      364.043
      370.831
      363.594
      376.909
      361.486
      419.866
      392.902
      380.810
      353.234
      394.742
      360.240
      358.477
      341.342
      371.614
      368.640
      380.235
      363.489
      363.542
      334.674
      364.449
      376.338
      377.502
      361.091
      374.476
      369.305
      393.867
      331.359
      350.787
      364.149
      380.321
      380.628
      381.086
      379.371
      370.329
      370.415
      382.636
      370.078
      480.403
      372.588
      404.910
      368.191
      372.341
      349.695
      374.229
      329.694
      329.977
      373.479
      342.871
      405.103
      389.595
      372.822
      341.300
      349.996
      351.768
      392.900
      386.759
      357.509
      349.232
      368.136
      362.741
      362.786
      364.213
      461.895
      350.127
      429.952
      360.619
      329.986
      359.249
      337.065
      356.942
