X-values

      0.00000000
       2.1300000
       4.2700000
       6.4000000
       8.5400000
       10.680000
       12.810000
       14.950000
       17.080000
       19.220000
       21.360000
       23.490000
       25.630000
       27.770000
       29.900000
       32.040000
       34.170000
       36.310000
       38.450000
       40.580000
       42.720000
       44.850000
       46.990000
       49.130000
       51.260000
       53.400000
       55.540000
       57.670000
       59.810000
       61.940000
       64.080000
       66.220000
       68.350000
       70.490000
       72.620000
       74.760000
       76.900000
       79.030000
       81.170000
       83.300000
       85.440000
       87.580000
       89.710000
       91.850000
       93.980000
       96.120000
       98.260000
       100.39000
       102.53000
       104.67000
       106.80000
       108.94000
       111.08000
       113.21000
       115.35000
       117.48000
       119.62000
       121.76000
       123.89000
       126.03000
       128.16000
       130.30000
       132.44000
       134.57000
       136.71000
       138.84000
       140.98000
       143.12000
       145.25000
       147.39000
       149.52000
       151.66000
       153.80000
       155.93000
       158.07000
       160.21000
       162.34000
       164.48000
       166.61000
       168.75000
       170.89000
       173.02000
       175.16000
       177.30000
       179.43000
       181.57000
       183.70000
       185.84000
       187.98000
       190.11000
       192.25000
       194.38000
       196.52000
       198.66000
       200.79000
       202.93000
       205.07000
       207.20000
       209.34000
       211.47000
       213.61000
       215.75000
       217.88000
       220.02000
       222.15000
       224.29000
       226.43000
       228.56000
       230.70000
       232.83000
       234.97000
       237.11000
       239.24000
       241.38000
       243.52000
       245.65000
       247.79000
       249.92000
       252.06000
       254.20000
       256.33000
       258.47000
       260.60000
       262.74000
       264.88000

Y-values

      386.620
      400.263
      405.604
      373.830
      409.096
      382.721
      388.733
      412.751
      381.482
      403.625
      434.718
      531.069
      720.391
      746.481
      804.019
      787.245
      742.381
      732.432
      683.610
      728.755
      745.041
      722.874
      775.757
      778.721
      754.370
      795.957
      768.869
      791.586
      773.980
      783.316
      810.709
      800.814
      826.314
      810.281
      844.206
      839.655
      842.547
      869.174
      824.881
      853.801
      806.682
      861.324
      907.501
      845.479
      891.466
      879.179
      866.680
      898.423
      862.424
      881.306
      887.341
      865.828
      924.646
      897.086
      857.065
      866.978
      875.120
      866.020
      888.416
      861.088
      858.463
      857.675
      840.752
      882.297
      844.281
      833.930
      841.126
      834.218
      845.584
      883.401
      868.781
      850.240
      851.213
      887.353
      845.635
      864.453
      822.193
      881.988
      881.989
      815.706
      861.915
      847.942
      844.775
      798.407
      809.281
      837.439
      842.064
      813.063
      843.694
      773.800
      809.826
      836.523
      857.414
      811.921
      797.857
      803.257
      820.937
      849.750
      797.373
      831.382
      805.195
      811.323
      853.319
      801.404
      822.634
      787.259
      813.916
      792.091
      782.738
      838.661
      772.571
      819.214
      796.566
      772.814
      808.463
      826.647
      786.552
      817.103
      726.499
      788.725
      805.720
      754.023
      794.438
      798.867
      772.206
