X-values

      0.00000000
       2.1300000
       4.2700000
       6.4000000
       8.5400000
       10.680000
       12.810000
       14.950000
       17.090000
       19.220000
       21.360000
       23.490000
       25.630000
       27.770000
       29.900000
       32.040000
       34.170000
       36.310000
       38.450000
       40.580000
       42.720000
       44.860000
       46.990000
       49.130000
       51.260000
       53.400000
       55.540000
       57.670000
       59.810000
       61.940000
       64.080000
       66.220000
       68.350000
       70.490000
       72.620000
       74.760000
       76.900000
       79.030000
       81.170000
       83.310000
       85.440000
       87.580000
       89.710000
       91.850000
       93.990000
       96.120000
       98.260000
       100.40000
       102.53000
       104.67000
       106.80000
       108.94000
       111.08000
       113.21000
       115.35000
       117.48000
       119.62000
       121.76000
       123.89000
       126.03000
       128.16000
       130.30000
       132.44000
       134.57000
       136.71000
       138.85000
       140.98000
       143.12000
       145.25000
       147.39000
       149.53000
       151.66000
       153.80000
       155.94000
       158.07000
       160.21000
       162.34000
       164.48000
       166.61000
       168.75000
       170.89000
       173.02000
       175.16000
       177.30000
       179.43000
       181.57000
       183.71000
       185.84000
       187.98000
       190.11000
       192.25000
       194.38000
       196.52000
       198.66000
       200.79000
       202.93000
       205.07000
       207.20000
       209.34000
       211.47000
       213.61000
       215.75000
       217.88000
       220.02000
       222.16000
       224.29000
       226.43000
       228.56000
       230.70000
       232.84000
       234.97000
       237.11000
       239.25000
       241.38000
       243.52000
       245.65000
       247.79000
       249.92000
       252.06000
       254.20000
       256.33000
       258.47000
       260.61000
       262.74000
       264.88000

Y-values

      436.447
      419.120
      420.635
      427.866
      442.993
      440.699
      415.897
      398.498
      401.883
      395.677
      435.360
      425.957
      569.491
      780.608
      992.696
      1056.78
      1020.24
      1049.59
      968.869
      838.344
      831.348
      828.108
      849.861
      849.382
      800.066
      805.440
      826.616
      840.437
      796.138
      784.792
      782.622
      776.062
      861.554
      864.463
      902.710
      902.971
      849.823
      858.836
      856.202
      900.274
      907.615
      876.998
      873.378
      857.218
      888.441
      861.669
      876.869
      911.781
      934.641
      946.314
      907.598
      947.357
      970.764
      921.277
      893.164
      925.679
      941.687
      929.925
      887.445
      898.924
      895.164
      886.230
      922.051
      920.423
      914.396
      951.485
      899.625
      940.069
      929.140
      940.369
      977.156
      1006.41
      956.306
      976.110
      986.756
      913.723
      961.394
      945.781
      977.424
      963.544
      967.345
      962.378
      945.518
      894.211
      913.328
      893.341
      917.007
      952.810
      954.989
      927.050
      988.862
      982.781
      963.161
      942.427
      938.387
      924.932
      875.013
      881.666
      882.676
      895.008
      911.690
      897.800
      932.713
      896.792
      894.294
      907.073
      865.417
      937.975
      907.254
      904.475
      1005.82
      854.732
      879.094
      901.908
      922.229
      909.413
      923.719
      981.439
      921.824
      913.138
      963.358
      948.263
      894.787
      933.584
      908.512
