X-values

      0.00000000
       2.1300000
       4.2700000
       6.4000000
       8.5400000
       10.680000
       12.810000
       14.950000
       17.080000
       19.220000
       21.360000
       23.490000
       25.630000
       27.770000
       29.900000
       32.040000
       34.170000
       36.310000
       38.450000
       40.580000
       42.720000
       44.850000
       46.990000
       49.130000
       51.260000
       53.400000
       55.540000
       57.670000
       59.810000
       61.940000
       64.080000
       66.220000
       68.350000
       70.490000
       72.620000
       74.760000
       76.900000
       79.030000
       81.170000
       83.300000
       85.440000
       87.580000
       89.710000
       91.850000
       93.980000
       96.120000
       98.260000
       100.39000
       102.53000
       104.67000
       106.80000
       108.94000
       111.08000
       113.21000
       115.35000
       117.48000
       119.62000
       121.76000
       123.89000
       126.03000
       128.16000
       130.30000
       132.44000
       134.57000
       136.71000
       138.84000
       140.98000
       143.12000
       145.25000
       147.39000
       149.52000
       151.66000
       153.80000
       155.93000
       158.07000
       160.21000
       162.34000
       164.48000
       166.61000
       168.75000
       170.89000
       173.02000
       175.16000
       177.30000
       179.43000
       181.57000
       183.70000
       185.84000
       187.98000
       190.11000
       192.25000
       194.38000
       196.52000
       198.66000
       200.79000
       202.93000
       205.07000
       207.20000
       209.34000
       211.47000
       213.61000
       215.75000
       217.88000
       220.02000
       222.15000
       224.29000
       226.43000
       228.56000
       230.70000
       232.83000
       234.97000
       237.11000
       239.24000
       241.38000
       243.52000
       245.65000
       247.79000
       249.92000
       252.06000
       254.20000
       256.33000
       258.47000
       260.60000
       262.74000
       264.88000

Y-values

      349.109
      312.224
      322.366
      359.772
      329.589
      365.696
      316.436
      354.089
      324.905
      329.611
      389.901
      520.727
      850.952
      961.856
      999.771
      877.289
      824.503
      720.368
      702.056
      689.675
      695.363
      734.905
      737.353
      715.590
      734.301
      694.477
      648.987
      710.740
      761.132
      717.301
      725.610
      728.751
      706.435
      739.593
      755.812
      729.743
      756.472
      823.178
      765.591
      746.709
      769.219
      754.986
      787.643
      863.771
      791.013
      766.112
      776.886
      763.990
      797.407
      797.280
      770.592
      795.911
      778.043
      821.873
      819.048
      829.095
      794.448
      822.710
      785.534
      828.115
      873.275
      826.635
      835.170
      823.317
      847.801
      819.778
      822.672
      828.393
      799.141
      825.107
      835.764
      815.223
      791.266
      798.289
      762.632
      808.434
      835.885
      801.000
      777.460
      746.003
      779.492
      798.958
      774.265
      789.274
      799.230
      833.817
      787.020
      854.193
      785.658
      805.050
      757.023
      770.023
      753.972
      745.615
      712.461
      768.611
      743.615
      715.975
      768.457
      726.584
      738.145
      716.048
      759.423
      818.944
      755.004
      774.327
      757.033
      737.710
      728.555
      735.957
      745.737
      707.231
      746.562
      731.553
      716.722
      798.057
      709.930
      757.505
      726.524
      765.225
      743.334
      698.031
      743.748
      693.502
      742.689
