X-values

      0.00000000
       2.1300000
       4.2700000
       6.4000000
       8.5400000
       10.680000
       12.810000
       14.950000
       17.080000
       19.220000
       21.360000
       23.490000
       25.630000
       27.770000
       29.900000
       32.040000
       34.170000
       36.310000
       38.450000
       40.580000
       42.720000
       44.850000
       46.990000
       49.130000
       51.260000
       53.400000
       55.540000
       57.670000
       59.810000
       61.940000
       64.080000
       66.220000
       68.350000
       70.490000
       72.620000
       74.760000
       76.900000
       79.030000
       81.170000
       83.300000
       85.440000
       87.580000
       89.710000
       91.850000
       93.980000
       96.120000
       98.260000
       100.39000
       102.53000
       104.67000
       106.80000
       108.94000
       111.08000
       113.21000
       115.35000
       117.48000
       119.62000
       121.76000
       123.89000
       126.03000
       128.16000
       130.30000
       132.44000
       134.57000
       136.71000
       138.84000
       140.98000
       143.12000
       145.25000
       147.39000
       149.52000
       151.66000
       153.80000
       155.93000
       158.07000
       160.21000
       162.34000
       164.48000
       166.61000
       168.75000
       170.89000
       173.02000
       175.16000
       177.30000
       179.43000
       181.57000
       183.70000
       185.84000
       187.98000
       190.11000
       192.25000
       194.38000
       196.52000
       198.66000
       200.79000
       202.93000
       205.07000
       207.20000
       209.34000
       211.47000
       213.61000
       215.75000
       217.88000
       220.02000
       222.15000
       224.29000
       226.43000
       228.56000
       230.70000
       232.83000
       234.97000
       237.11000
       239.24000
       241.38000
       243.52000
       245.65000
       247.79000
       249.92000
       252.06000
       254.20000
       256.33000
       258.47000
       260.60000
       262.74000
       264.88000

Y-values

      314.333
      354.736
      300.284
      272.520
      367.760
      296.532
      385.791
      314.437
      349.967
      294.395
      344.029
      340.641
      327.804
      463.057
      459.906
      524.102
      591.756
      560.102
      652.640
      655.360
      640.805
      632.896
      672.242
      601.954
      567.196
      700.002
      601.097
      574.348
      612.908
      573.284
      592.867
      689.355
      574.479
      600.337
      569.767
      560.478
      628.479
      586.207
      671.990
      565.471
      641.893
      578.480
      530.233
      743.015
      574.742
      602.161
      589.078
      597.303
      629.393
      584.940
      617.155
      566.487
      586.097
      570.626
      565.571
      595.230
      554.397
      604.434
      573.387
      645.636
      556.531
      690.673
      560.810
      553.701
      556.118
      560.828
      708.392
      557.557
      677.246
      562.203
      554.951
      626.282
      557.875
      532.458
      569.698
      543.699
      563.806
      519.131
      602.930
      545.516
      555.216
      490.068
      579.795
      556.020
      554.192
      607.918
      543.432
      449.518
      573.392
      551.138
      537.213
      528.415
      458.513
      521.430
      541.968
      644.619
      540.233
      540.797
      712.953
      531.217
      673.046
      537.203
      524.673
      615.343
      534.259
      551.290
      607.831
      549.685
      555.297
      543.983
      681.557
      543.700
      671.577
      539.557
      537.731
      563.419
      529.641
      491.934
      573.530
      524.716
      581.291
      561.471
      539.279
      566.763
      532.423
