X-values

      0.00000000
       2.1300001
       4.2600002
       6.3900003
       8.5200005
       10.650001
       12.780001
       14.910001
       17.040001
       19.170001
       21.300001
       23.430001
       25.560001
       27.690001
       29.820002
       31.950002
       34.080002
       36.210002
       38.340002
       40.470002
       42.600002
       44.730002
       46.860003
       48.990003
       51.120003
       53.250003
       55.380003
       57.510003
       59.640003
       61.770003
       63.900003
       66.030004
       68.160004
       70.290004
       72.420004
       74.550004
       76.680004
       78.810004
       80.940004
       83.070004
       85.200005
       87.330005
       89.460005
       91.590005
       93.720005
       95.850005
       97.980005
       100.11001
       102.24001
       104.37001
       106.50001
       108.63001
       110.76001
       112.89001
       115.02001
       117.15001
       119.28001
       121.41001
       123.54001
       125.67001
       127.80001
       129.93001
       132.06001
       134.19001
       136.32001
       138.45001
       140.58001
       142.71001
       144.84001
       146.97001
       149.10001
       151.23001
       153.36001
       155.49001
       157.62001
       159.75001
       161.88001
       164.01001
       166.14001
       168.27001
       170.40001
       172.53001
       174.66001
       176.79001
       178.92001
       181.05001
       183.18001
       185.31001
       187.44001
       189.57001
       191.70001
       193.83001
       195.96001
       198.09001
       200.22001
       202.35001
       204.48001
       206.61001
       208.74001
       210.87001
       213.00001
       215.13001
       217.26001
       219.39001
       221.52001
       223.65001
       225.78001
       227.91001
       230.04001
       232.17001
       234.30001
       236.43001
       238.56001
       240.69001
       242.82001
       244.95001
       247.08001
       249.21001
       251.34001
       253.47001
       255.60001
       257.73001
       259.86001
       261.99001
       264.12001

Y-values

      151.333
      171.000
      149.000
      218.333
      155.333
      227.000
      182.000
      205.000
      108.333
      194.333
      121.000
      191.000
      323.333
      751.000
      1258.33
      1465.33
      1537.00
      1352.33
      1134.33
      896.000
      715.333
      659.000
      522.333
      497.667
      437.333
      498.667
      572.333
      487.667
      587.667
      589.667
      673.000
      588.000
      615.333
      551.000
      535.667
      513.000
      498.333
      407.667
      475.667
      504.333
      501.667
      576.333
      518.667
      537.000
      514.667
      511.000
      517.000
      502.000
      513.000
      621.667
      532.667
      528.000
      521.333
      490.667
      502.667
      450.667
      513.667
      466.000
      491.333
      471.333
      490.000
      510.333
      416.000
      483.000
      473.667
      417.333
      454.667
      420.667
      455.667
      430.000
      448.000
      470.333
      454.333
      472.000
      457.000
      457.333
      444.333
      420.333
      474.000
      387.333
      456.000
      429.000
      449.667
      410.667
      452.000
      457.667
      443.333
      483.333
      460.333
      417.333
      453.333
      396.000
      428.000
      385.000
      417.333
      469.667
      441.000
      488.667
      419.667
      465.333
      408.000
      469.333
      401.333
      419.333
      400.667
      489.000
      407.333
      401.333
      362.333
      384.333
      376.000
      402.333
      383.667
      399.667
      384.000
      406.333
      384.000
      409.333
      360.000
      397.667
      401.000
      405.333
      432.667
      307.667
      400.667
