X-values

      0.00000000
       2.1300001
       4.2600002
       6.3900003
       8.5200005
       10.650001
       12.780001
       14.910001
       17.040001
       19.170001
       21.300001
       23.430001
       25.560001
       27.690001
       29.820002
       31.950002
       34.080002
       36.210002
       38.340002
       40.470002
       42.600002
       44.730002
       46.860003
       48.990003
       51.120003
       53.250003
       55.380003
       57.510003
       59.640003
       61.770003
       63.900003
       66.030004
       68.160004
       70.290004
       72.420004
       74.550004
       76.680004
       78.810004
       80.940004
       83.070004
       85.200005
       87.330005
       89.460005
       91.590005
       93.720005
       95.850005
       97.980005
       100.11001
       102.24001
       104.37001
       106.50001
       108.63001
       110.76001
       112.89001
       115.02001
       117.15001
       119.28001
       121.41001
       123.54001
       125.67001
       127.80001
       129.93001
       132.06001
       134.19001
       136.32001
       138.45001
       140.58001
       142.71001
       144.84001
       146.97001
       149.10001
       151.23001
       153.36001
       155.49001
       157.62001
       159.75001
       161.88001
       164.01001
       166.14001
       168.27001
       170.40001
       172.53001
       174.66001
       176.79001
       178.92001
       181.05001
       183.18001
       185.31001
       187.44001
       189.57001
       191.70001
       193.83001
       195.96001
       198.09001
       200.22001
       202.35001
       204.48001
       206.61001
       208.74001
       210.87001
       213.00001
       215.13001
       217.26001
       219.39001
       221.52001
       223.65001
       225.78001
       227.91001
       230.04001
       232.17001
       234.30001
       236.43001
       238.56001
       240.69001
       242.82001
       244.95001
       247.08001
       249.21001
       251.34001
       253.47001
       255.60001
       257.73001
       259.86001
       261.99001
       264.12001

Y-values

      123.424
      153.888
      109.811
      120.953
      120.352
      106.358
      138.056
      116.845
      104.462
      132.368
      165.867
      116.132
      142.503
      164.530
      138.526
      217.838
      212.466
      259.423
      324.695
      260.479
      284.272
      297.605
      245.316
      285.651
      230.357
      250.703
      255.288
      236.177
      264.718
      320.446
      240.842
      258.001
      286.615
      244.614
      295.690
      239.046
      265.131
      324.540
      261.690
      273.668
      308.296
      269.110
      294.499
      257.812
      281.914
      270.459
      281.201
      267.035
      280.831
      323.003
      273.273
      289.678
      271.266
      284.443
      285.564
      273.411
      323.826
      273.381
      290.706
      342.496
      279.506
      300.145
      356.882
      280.772
      311.403
      330.326
      285.900
      331.394
      282.132
      296.011
      255.853
      283.260
      312.362
      276.390
      304.651
      293.286
      282.816
      299.456
      270.367
      291.549
      312.919
      278.091
      305.390
      271.377
      314.654
      285.152
      275.642
      299.840
      273.461
      291.792
      328.428
      270.417
      309.165
      316.904
      281.095
      321.335
      263.783
      294.633
      291.341
      280.033
      298.936
      349.276
      279.665
      296.275
      271.834
      304.273
      265.164
      266.336
      265.326
      283.531
      286.626
      267.364
      297.984
      269.728
      287.920
      316.639
      263.250
      346.059
      269.848
      308.696
      263.187
      290.653
      245.717
      282.328
      338.370
