X-values

      0.00000000
       2.1300001
       4.2600002
       6.3900003
       8.5200005
       10.650001
       12.780001
       14.910001
       17.040001
       19.170001
       21.300001
       23.430001
       25.560001
       27.690001
       29.820002
       31.950002
       34.080002
       36.210002
       38.340002
       40.470002
       42.600002
       44.730002
       46.860003
       48.990003
       51.120003
       53.250003
       55.380003
       57.510003
       59.640003
       61.770003
       63.900003
       66.030004
       68.160004
       70.290004
       72.420004
       74.550004
       76.680004
       78.810004
       80.940004
       83.070004
       85.200005
       87.330005
       89.460005
       91.590005
       93.720005
       95.850005
       97.980005
       100.11001
       102.24001
       104.37001
       106.50001
       108.63001
       110.76001
       112.89001
       115.02001
       117.15001
       119.28001
       121.41001
       123.54001
       125.67001
       127.80001
       129.93001
       132.06001
       134.19001
       136.32001
       138.45001
       140.58001
       142.71001
       144.84001
       146.97001
       149.10001
       151.23001
       153.36001
       155.49001
       157.62001
       159.75001
       161.88001
       164.01001
       166.14001
       168.27001
       170.40001
       172.53001
       174.66001
       176.79001
       178.92001
       181.05001
       183.18001
       185.31001
       187.44001
       189.57001
       191.70001
       193.83001
       195.96001
       198.09001
       200.22001
       202.35001
       204.48001
       206.61001
       208.74001
       210.87001
       213.00001
       215.13001
       217.26001
       219.39001
       221.52001
       223.65001
       225.78001
       227.91001
       230.04001
       232.17001
       234.30001
       236.43001
       238.56001
       240.69001
       242.82001
       244.95001
       247.08001
       249.21001
       251.34001
       253.47001
       255.60001
       257.73001
       259.86001
       261.99001
       264.12001

Y-values

      222.950
      235.198
      228.639
      178.200
      313.089
      161.665
      196.361
      252.778
      286.397
      209.907
      260.091
      229.536
      199.131
      251.920
      346.651
      574.396
      489.457
      563.384
      613.080
      549.078
      530.658
      405.214
      469.875
      529.617
      422.884
      446.255
      425.063
      433.403
      464.525
      439.426
      451.198
      425.875
      462.811
      506.118
      481.720
      466.711
      443.109
      488.719
      566.546
      492.535
      510.933
      517.391
      457.198
      507.319
      522.396
      383.970
      474.109
      456.322
      498.252
      518.199
      441.006
      504.615
      532.685
      555.932
      495.767
      525.895
      548.840
      537.644
      614.849
      516.345
      550.323
      662.817
      496.179
      515.189
      509.936
      523.341
      526.559
      531.160
      504.486
      511.799
      548.030
      521.712
      439.559
      500.735
      526.980
      544.278
      513.811
      450.921
      495.115
      521.869
      567.349
      494.236
      530.042
      418.046
      554.802
      592.537
      493.499
      516.545
      505.538
      532.654
      486.957
      505.516
      520.685
      579.336
      569.358
      504.244
      502.272
      524.628
      476.348
      572.752
      430.266
      487.818
      468.638
      436.762
      493.962
      510.167
      458.311
      503.245
      482.422
      427.472
      481.852
      502.171
      426.006
      470.112
      531.987
      517.682
      443.407
      497.505
      486.847
      427.209
      515.284
      527.831
      455.551
      496.311
      544.788
