X-values

      0.00000000
       2.1300001
       4.2600002
       6.3900003
       8.5200005
       10.650001
       12.780001
       14.910001
       17.040001
       19.170001
       21.300001
       23.430001
       25.560001
       27.690001
       29.820002
       31.950002
       34.080002
       36.210002
       38.340002
       40.470002
       42.600002
       44.730002
       46.860003
       48.990003
       51.120003
       53.250003
       55.380003
       57.510003
       59.640003
       61.770003
       63.900003
       66.030004
       68.160004
       70.290004
       72.420004
       74.550004
       76.680004
       78.810004
       80.940004
       83.070004
       85.200005
       87.330005
       89.460005
       91.590005
       93.720005
       95.850005
       97.980005
       100.11001
       102.24001
       104.37001
       106.50001
       108.63001
       110.76001
       112.89001
       115.02001
       117.15001
       119.28001
       121.41001
       123.54001
       125.67001
       127.80001
       129.93001
       132.06001
       134.19001
       136.32001
       138.45001
       140.58001
       142.71001
       144.84001
       146.97001
       149.10001
       151.23001
       153.36001
       155.49001
       157.62001
       159.75001
       161.88001
       164.01001
       166.14001
       168.27001
       170.40001
       172.53001
       174.66001
       176.79001
       178.92001
       181.05001
       183.18001
       185.31001
       187.44001
       189.57001
       191.70001
       193.83001
       195.96001
       198.09001
       200.22001
       202.35001
       204.48001
       206.61001
       208.74001
       210.87001
       213.00001
       215.13001
       217.26001
       219.39001
       221.52001
       223.65001
       225.78001
       227.91001
       230.04001
       232.17001
       234.30001
       236.43001
       238.56001
       240.69001
       242.82001
       244.95001
       247.08001
       249.21001
       251.34001
       253.47001
       255.60001
       257.73001
       259.86001
       261.99001
       264.12001

Y-values

      116.127
      147.113
      102.660
      129.707
      150.098
      130.843
      146.808
      125.011
      116.385
      129.141
      207.221
      115.221
      183.697
      193.925
      226.755
      289.687
      303.038
      324.305
      331.350
      290.874
      315.301
      246.539
      243.862
      225.207
      229.477
      256.540
      215.973
      237.595
      285.178
      232.266
      266.264
      208.893
      252.502
      220.398
      260.689
      285.441
      241.537
      271.466
      236.509
      226.432
      217.804
      252.143
      249.205
      238.758
      261.755
      223.750
      263.555
      219.803
      256.554
      216.606
      252.782
      259.629
      253.362
      296.264
      251.100
      283.094
      234.262
      271.045
      238.066
      256.174
      290.380
      259.802
      282.818
      256.147
      303.146
      252.617
      314.740
      281.103
      254.590
      293.985
      253.511
      310.496
      256.500
      312.183
      260.397
      253.848
      263.118
      309.317
      263.828
      300.165
      262.864
      325.345
      263.176
      336.980
      258.115
      264.500
      257.818
      334.719
      256.834
      316.039
      257.358
      235.215
      249.847
      308.722
      236.879
      268.462
      219.844
      267.589
      224.432
      255.070
      212.932
      255.173
      279.565
      258.604
      221.521
      259.111
      206.370
      253.455
      208.188
      247.006
      234.073
      247.752
      268.015
      235.920
      305.521
      246.284
      293.396
      244.834
      305.535
      241.677
      289.424
      238.924
      306.787
      243.312
      313.049
