X-values

      0.00000000
       2.1300001
       4.2600002
       6.3900003
       8.5200005
       10.650001
       12.780001
       14.910001
       17.040001
       19.170001
       21.300001
       23.430001
       25.560001
       27.690001
       29.820002
       31.950002
       34.080002
       36.210002
       38.340002
       40.470002
       42.600002
       44.730002
       46.860003
       48.990003
       51.120003
       53.250003
       55.380003
       57.510003
       59.640003
       61.770003
       63.900003
       66.030004
       68.160004
       70.290004
       72.420004
       74.550004
       76.680004
       78.810004
       80.940004
       83.070004
       85.200005
       87.330005
       89.460005
       91.590005
       93.720005
       95.850005
       97.980005
       100.11001
       102.24001
       104.37001
       106.50001
       108.63001
       110.76001
       112.89001
       115.02001
       117.15001
       119.28001
       121.41001
       123.54001
       125.67001
       127.80001
       129.93001
       132.06001
       134.19001
       136.32001
       138.45001
       140.58001
       142.71001
       144.84001
       146.97001
       149.10001
       151.23001
       153.36001
       155.49001
       157.62001
       159.75001
       161.88001
       164.01001
       166.14001
       168.27001
       170.40001
       172.53001
       174.66001
       176.79001
       178.92001
       181.05001
       183.18001
       185.31001
       187.44001
       189.57001
       191.70001
       193.83001
       195.96001
       198.09001
       200.22001
       202.35001
       204.48001
       206.61001
       208.74001
       210.87001
       213.00001
       215.13001
       217.26001
       219.39001
       221.52001
       223.65001
       225.78001
       227.91001
       230.04001
       232.17001
       234.30001
       236.43001
       238.56001
       240.69001
       242.82001
       244.95001
       247.08001
       249.21001
       251.34001
       253.47001
       255.60001
       257.73001
       259.86001
       261.99001
       264.12001

Y-values

      305.083
      263.583
      269.792
      275.625
      284.208
      298.458
      257.083
      280.958
      284.875
      285.833
      271.083
      432.458
      714.917
      945.667
      1002.54
      985.000
      913.708
      711.083
      647.333
      535.292
      457.458
      469.208
      420.917
      410.625
      476.458
      460.750
      533.167
      494.917
      482.542
      478.333
      447.250
      460.333
      451.417
      498.208
      452.042
      435.958
      456.917
      441.250
      454.000
      461.208
      475.167
      462.542
      464.917
      430.542
      441.625
      500.958
      434.042
      478.250
      433.458
      450.958
      428.875
      415.250
      423.417
      443.375
      426.500
      411.667
      408.375
      423.667
      420.542
      421.875
      426.583
      417.958
      432.500
      419.750
      413.708
      422.417
      394.042
      407.208
      412.333
      420.708
      409.042
      434.375
      414.000
      431.917
      407.292
      428.000
      398.500
      423.375
      409.292
      402.708
      406.375
      429.833
      405.792
      375.708
      412.208
      411.125
      408.792
      423.167
      408.167
      427.708
      391.458
      397.708
      385.083
      395.542
      402.917
      383.542
      421.042
      391.167
      374.375
      393.458
      423.208
      400.292
      419.125
      379.750
      430.625
      380.167
      405.917
      388.750
      389.542
      382.458
      436.292
      386.042
      404.042
      406.750
      389.125
      388.458
      388.667
      400.167
      377.375
      397.458
      399.167
      398.958
      396.458
      396.208
      392.917
