X-values

      0.00000000
       2.1300001
       4.2600002
       6.3900003
       8.5200005
       10.650001
       12.780001
       14.910001
       17.040001
       19.170001
       21.300001
       23.430001
       25.560001
       27.690001
       29.820002
       31.950002
       34.080002
       36.210002
       38.340002
       40.470002
       42.600002
       44.730002
       46.860003
       48.990003
       51.120003
       53.250003
       55.380003
       57.510003
       59.640003
       61.770003
       63.900003
       66.030004
       68.160004
       70.290004
       72.420004
       74.550004
       76.680004
       78.810004
       80.940004
       83.070004
       85.200005
       87.330005
       89.460005
       91.590005
       93.720005
       95.850005
       97.980005
       100.11001
       102.24001
       104.37001
       106.50001
       108.63001
       110.76001
       112.89001
       115.02001
       117.15001
       119.28001
       121.41001
       123.54001
       125.67001
       127.80001
       129.93001
       132.06001
       134.19001
       136.32001
       138.45001
       140.58001
       142.71001
       144.84001
       146.97001
       149.10001
       151.23001
       153.36001
       155.49001
       157.62001
       159.75001
       161.88001
       164.01001
       166.14001
       168.27001
       170.40001
       172.53001
       174.66001
       176.79001
       178.92001
       181.05001
       183.18001
       185.31001
       187.44001
       189.57001
       191.70001
       193.83001
       195.96001
       198.09001
       200.22001
       202.35001
       204.48001
       206.61001
       208.74001
       210.87001
       213.00001
       215.13001
       217.26001
       219.39001
       221.52001
       223.65001
       225.78001
       227.91001
       230.04001
       232.17001
       234.30001
       236.43001
       238.56001
       240.69001
       242.82001
       244.95001
       247.08001
       249.21001
       251.34001
       253.47001
       255.60001
       257.73001
       259.86001
       261.99001
       264.12001

Y-values

      93.0323
      94.0968
      93.3548
      86.0645
      74.4194
      96.9355
      88.8064
      72.3226
      77.1290
      112.419
      384.742
      468.903
      434.871
      399.548
      303.710
      251.645
      190.548
      197.677
      226.516
      265.097
      263.387
      253.516
      254.677
      227.290
      217.774
      225.226
      207.806
      196.097
      225.516
      241.516
      247.677
      247.806
      243.548
      247.484
      238.710
      248.742
      242.484
      261.581
      243.548
      250.355
      259.290
      201.968
      235.419
      214.290
      227.452
      210.774
      208.581
      224.226
      219.774
      203.194
      218.387
      209.677
      217.903
      226.935
      206.290
      216.258
      216.097
      218.742
      216.097
      211.935
      220.065
      211.774
      208.000
      212.452
      212.484
      200.097
      202.516
      216.677
      207.065
      206.323
      201.452
      209.677
      200.516
      199.387
      192.387
      182.871
      203.258
      204.968
      197.806
      194.258
      208.903
      199.774
      198.355
      197.355
      207.226
      205.032
      207.806
      195.323
      211.548
      207.677
      201.290
      201.194
      196.323
      196.968
      190.387
      191.355
      202.323
      192.065
      205.710
      196.710
      199.774
      203.032
      198.548
      195.548
      193.935
      198.677
      191.097
      182.419
      189.097
      192.161
      183.871
      191.516
      189.226
      195.968
      183.935
      194.290
      200.161
      191.774
      139.161
      184.032
      187.226
      189.258
      199.710
      194.839
      192.226
