X-values

      0.00000000
       2.1300001
       4.2600002
       6.3900003
       8.5200005
       10.650001
       12.780001
       14.910001
       17.040001
       19.170001
       21.300001
       23.430001
       25.560001
       27.690001
       29.820002
       31.950002
       34.080002
       36.210002
       38.340002
       40.470002
       42.600002
       44.730002
       46.860003
       48.990003
       51.120003
       53.250003
       55.380003
       57.510003
       59.640003
       61.770003
       63.900003
       66.030004
       68.160004
       70.290004
       72.420004
       74.550004
       76.680004
       78.810004
       80.940004
       83.070004
       85.200005
       87.330005
       89.460005
       91.590005
       93.720005
       95.850005
       97.980005
       100.11001
       102.24001
       104.37001
       106.50001
       108.63001
       110.76001
       112.89001
       115.02001
       117.15001
       119.28001
       121.41001
       123.54001
       125.67001
       127.80001
       129.93001
       132.06001
       134.19001
       136.32001
       138.45001
       140.58001
       142.71001
       144.84001
       146.97001
       149.10001
       151.23001
       153.36001
       155.49001
       157.62001
       159.75001
       161.88001
       164.01001
       166.14001
       168.27001
       170.40001
       172.53001
       174.66001
       176.79001
       178.92001
       181.05001
       183.18001
       185.31001
       187.44001
       189.57001
       191.70001
       193.83001
       195.96001
       198.09001
       200.22001
       202.35001
       204.48001
       206.61001
       208.74001
       210.87001
       213.00001
       215.13001
       217.26001
       219.39001
       221.52001
       223.65001
       225.78001
       227.91001
       230.04001
       232.17001
       234.30001
       236.43001
       238.56001
       240.69001
       242.82001
       244.95001
       247.08001
       249.21001
       251.34001
       253.47001
       255.60001
       257.73001
       259.86001
       261.99001
       264.12001

Y-values

      141.348
      208.497
      193.145
      207.050
      179.479
      161.259
      193.621
      163.938
      173.873
      216.413
      147.546
      211.970
      212.103
      219.386
      159.171
      301.518
      360.338
      362.395
      445.860
      391.353
      518.276
      410.404
      509.212
      384.168
      431.262
      444.722
      372.647
      359.206
      430.509
      422.751
      341.834
      433.445
      410.568
      395.003
      368.418
      498.146
      407.990
      391.546
      421.982
      397.955
      407.064
      387.772
      410.332
      373.723
      422.157
      363.921
      474.440
      387.572
      353.975
      330.497
      428.160
      366.772
      423.543
      364.840
      449.178
      416.359
      410.873
      407.902
      420.979
      407.537
      391.086
      414.626
      420.589
      422.700
      451.995
      428.975
      381.586
      436.348
      473.660
      416.954
      475.530
      432.574
      381.555
      430.874
      441.757
      406.670
      446.844
      421.610
      416.838
      459.075
      447.991
      523.316
      453.398
      467.646
      495.593
      447.958
      466.214
      493.154
      452.546
      442.817
      563.463
      464.290
      449.812
      521.155
      459.213
      494.953
      446.347
      466.284
      376.634
      376.657
      480.605
      479.166
      478.222
      533.142
      429.142
      482.662
      457.998
      482.135
      502.840
      500.201
      483.289
      474.975
      486.673
      469.490
      413.027
      429.903
      445.346
      405.243
      474.228
      466.387
      475.996
      468.862
      390.484
      472.619
      560.549
