X-values

      0.00000000
       2.1300000
       4.2700000
       6.4000000
       8.5400000
       10.680000
       12.810000
       14.950000
       17.090000
       19.220000
       21.360000
       23.490000
       25.630000
       27.770000
       29.900000
       32.040000
       34.170000
       36.310000
       38.450000
       40.580000
       42.720000
       44.860000
       46.990000
       49.130000
       51.260000
       53.400000
       55.540000
       57.670000
       59.810000
       61.940000
       64.080000
       66.220000
       68.350000
       70.490000
       72.620000
       74.760000
       76.900000
       79.030000
       81.170000
       83.310000
       85.440000
       87.580000
       89.710000
       91.850000
       93.990000
       96.120000
       98.260000
       100.40000
       102.53000
       104.67000
       106.80000
       108.94000
       111.08000
       113.21000
       115.35000
       117.48000
       119.62000
       121.76000
       123.89000
       126.03000
       128.16000
       130.30000
       132.44000
       134.57000
       136.71000
       138.85000
       140.98000
       143.12000
       145.25000
       147.39000
       149.53000
       151.66000
       153.80000
       155.94000
       158.07000
       160.21000
       162.34000
       164.48000
       166.61000
       168.75000
       170.89000
       173.02000
       175.16000
       177.30000
       179.43000
       181.57000
       183.71000
       185.84000
       187.98000
       190.11000
       192.25000
       194.38000
       196.52000
       198.66000
       200.79000
       202.93000
       205.07000
       207.20000
       209.34000
       211.47000
       213.61000
       215.75000
       217.88000
       220.02000
       222.16000
       224.29000
       226.43000
       228.56000
       230.70000
       232.84000
       234.97000
       237.11000
       239.25000
       241.38000
       243.52000
       245.65000
       247.79000
       249.92000
       252.06000
       254.20000
       256.33000
       258.47000
       260.61000
       262.74000
       264.88000

Y-values

      272.853
      384.094
      241.169
      318.529
      228.776
      278.058
      279.786
      282.052
      339.813
      263.213
      368.046
      241.326
      410.136
      552.396
      612.268
      715.156
      611.629
      628.205
      708.518
      569.858
      594.254
      699.550
      564.242
      816.712
      558.439
      618.824
      555.571
      582.472
      755.556
      580.466
      644.509
      664.784
      617.330
      663.622
      597.060
      632.005
      680.368
      631.134
      651.587
      620.968
      630.333
      867.230
      619.906
      690.560
      603.250
      661.172
      706.929
      655.805
      693.283
      668.279
      668.639
      718.247
      654.207
      691.382
      567.363
      669.261
      826.781
      643.658
      737.541
      611.108
      670.664
      713.394
      624.760
      686.930
      712.845
      671.760
      683.479
      833.174
      666.344
      683.109
      726.868
      660.014
      746.881
      638.397
      655.743
      707.938
      604.878
      679.856
      594.089
      626.482
      886.216
      622.191
      648.048
      698.412
      606.611
      660.995
      668.734
      626.284
      689.464
      636.633
      606.191
      773.656
      597.212
      656.566
      529.614
      635.456
      643.924
      585.135
      636.244
      721.839
      598.494
      704.640
      588.690
      645.517
      735.668
      602.536
      654.549
      613.216
      633.358
      621.902
      621.886
      657.438
      592.939
      636.155
      672.345
      610.204
      631.270
      719.831
      616.663
      628.380
      652.207
      585.370
      655.698
      563.852
      618.537
