X-values

      0.00000000
       2.1300001
       4.2600002
       6.3900003
       8.5200005
       10.650001
       12.780001
       14.910001
       17.040001
       19.170001
       21.300001
       23.430001
       25.560001
       27.690001
       29.820002
       31.950002
       34.080002
       36.210002
       38.340002
       40.470002
       42.600002
       44.730002
       46.860003
       48.990003
       51.120003
       53.250003
       55.380003
       57.510003
       59.640003
       61.770003
       63.900003
       66.030004
       68.160004
       70.290004
       72.420004
       74.550004
       76.680004
       78.810004
       80.940004
       83.070004
       85.200005
       87.330005
       89.460005
       91.590005
       93.720005
       95.850005
       97.980005
       100.11001
       102.24001
       104.37001
       106.50001
       108.63001
       110.76001
       112.89001
       115.02001
       117.15001
       119.28001
       121.41001
       123.54001
       125.67001
       127.80001
       129.93001
       132.06001
       134.19001
       136.32001
       138.45001
       140.58001
       142.71001
       144.84001
       146.97001
       149.10001
       151.23001
       153.36001
       155.49001
       157.62001
       159.75001
       161.88001
       164.01001
       166.14001
       168.27001
       170.40001
       172.53001
       174.66001
       176.79001
       178.92001
       181.05001
       183.18001
       185.31001
       187.44001
       189.57001
       191.70001
       193.83001
       195.96001
       198.09001
       200.22001
       202.35001
       204.48001
       206.61001
       208.74001
       210.87001
       213.00001
       215.13001
       217.26001
       219.39001
       221.52001
       223.65001
       225.78001
       227.91001
       230.04001
       232.17001
       234.30001
       236.43001
       238.56001
       240.69001
       242.82001
       244.95001
       247.08001
       249.21001
       251.34001
       253.47001
       255.60001
       257.73001
       259.86001
       261.99001
       264.12001

Y-values

      134.313
      132.345
      167.785
      111.696
      134.289
      117.912
      114.281
      140.477
      118.094
      166.514
      124.159
      186.730
      115.954
      193.503
      243.873
      325.747
      317.384
      370.699
      325.187
      302.124
      276.803
      236.105
      299.962
      256.699
      287.277
      272.793
      258.021
      270.612
      279.702
      274.779
      272.578
      247.761
      251.435
      259.155
      259.491
      270.786
      235.510
      278.860
      248.006
      271.720
      262.850
      296.499
      273.117
      258.626
      274.242
      255.066
      293.804
      256.501
      302.543
      256.962
      256.139
      264.583
      292.680
      253.232
      281.653
      265.871
      287.757
      271.807
      288.918
      272.360
      266.813
      253.650
      260.599
      262.184
      267.082
      253.660
      273.343
      250.122
      277.462
      298.217
      274.689
      283.597
      251.513
      299.998
      276.293
      320.382
      291.466
      262.539
      280.258
      290.379
      302.324
      295.233
      272.426
      282.247
      270.269
      280.602
      285.299
      278.528
      278.912
      273.800
      312.136
      280.700
      261.430
      240.404
      277.680
      299.969
      284.157
      297.377
      310.222
      279.493
      291.404
      309.130
      280.315
      281.999
      306.874
      296.238
      277.438
      302.217
      289.886
      304.452
      286.292
      307.638
      283.668
      305.528
      277.389
      300.618
      278.777
      255.266
      294.296
      303.437
      289.146
      280.348
      249.091
      285.710
      277.558
