X-values

      0.00000000
       2.1300001
       4.2600002
       6.3900003
       8.5200004
       10.650001
       12.780001
       14.910001
       17.040001
       19.170001
       21.300001
       23.430001
       25.560001
       27.690001
       29.820001
       31.950002
       34.080002
       36.210002
       38.340002
       40.470002
       42.600002
       44.730002
       46.860002
       48.990002
       51.120002
       53.250003
       55.380003
       57.510003
       59.640003
       61.770003
       63.900003
       66.030003
       68.160003
       70.290003
       72.420003
       74.550004
       76.680004
       78.810004
       80.940004
       83.070004
       85.200004
       87.330004
       89.460004
       91.590004
       93.720004
       95.850005
       97.980005
       100.11000
       102.24000
       104.37000
       106.50001
       108.63001
       110.76001
       112.89001
       115.02001
       117.15001
       119.28001
       121.41001
       123.54001
       125.67001
       127.80001
       129.93001
       132.06001
       134.19001
       136.32001
       138.45001
       140.58001
       142.71001
       144.84001
       146.97001
       149.10001
       151.23001
       153.36001
       155.49001
       157.62001
       159.75001
       161.88001
       164.01001
       166.14001
       168.27001
       170.40001
       172.53001
       174.66001
       176.79001
       178.92001
       181.05001
       183.18001
       185.31001
       187.44001
       189.57001
       191.70001
       193.83001
       195.96001
       198.09001
       200.22001
       202.35001
       204.48001
       206.61001
       208.74001
       210.87001
       213.00001
       215.13001
       217.26001
       219.39001
       221.52001
       223.65001
       225.78001
       227.91001
       230.04001
       232.17001
       234.30001
       236.43001
       238.56001
       240.69001
       242.82001
       244.95001
       247.08001
       249.21001
       251.34001
       253.47001
       255.60001
       257.73001
       259.86001
       261.99001
       264.12001

Y-values

      147.656
      124.785
      149.488
      138.095
      161.993
      141.903
      195.381
      167.862
      150.644
      160.639
      134.776
      171.838
      142.253
      141.506
      197.013
      143.488
      209.937
      350.378
      358.718
      413.780
      405.861
      437.990
      360.130
      331.452
      292.734
      315.866
      305.078
      323.172
      306.457
      324.869
      357.415
      301.043
      314.020
      281.696
      302.379
      301.704
      332.161
      302.658
      304.688
      315.109
      308.472
      318.304
      296.443
      325.040
      311.572
      333.823
      320.347
      324.757
      314.613
      353.753
      321.791
      321.830
      338.924
      329.315
      369.746
      323.730
      364.987
      333.810
      350.203
      326.875
      345.974
      328.042
      350.027
      336.250
      343.259
      333.056
      340.414
      332.258
      392.476
      334.570
      339.949
      346.104
      325.254
      362.272
      343.727
      372.697
      336.501
      370.284
      341.672
      339.587
      357.310
      320.723
      348.795
      331.568
      349.496
      341.455
      397.068
      330.495
      331.243
      328.072
      354.735
      339.615
      344.211
      336.914
      359.489
      338.105
      328.267
      353.876
      334.068
      362.021
      331.412
      362.522
      343.148
      355.742
      400.635
      355.903
      349.338
      372.891
      352.437
      375.244
      387.498
      355.294
      369.823
      359.581
      343.043
      359.283
      350.115
      362.400
      341.145
      359.477
      351.688
      366.089
      341.901
      344.823
      348.665
