X-values

      0.00000000
       2.1300001
       4.2600002
       6.3900003
       8.5200005
       10.650001
       12.780001
       14.910001
       17.040001
       19.170001
       21.300001
       23.430001
       25.560001
       27.690001
       29.820002
       31.950002
       34.080002
       36.210002
       38.340002
       40.470002
       42.600002
       44.730002
       46.860003
       48.990003
       51.120003
       53.250003
       55.380003
       57.510003
       59.640003
       61.770003
       63.900003
       66.030004
       68.160004
       70.290004
       72.420004
       74.550004
       76.680004
       78.810004
       80.940004
       83.070004
       85.200005
       87.330005
       89.460005
       91.590005
       93.720005
       95.850005
       97.980005
       100.11001
       102.24001
       104.37001
       106.50001
       108.63001
       110.76001
       112.89001
       115.02001
       117.15001
       119.28001
       121.41001
       123.54001
       125.67001
       127.80001
       129.93001
       132.06001
       134.19001
       136.32001
       138.45001
       140.58001
       142.71001
       144.84001
       146.97001
       149.10001
       151.23001
       153.36001
       155.49001
       157.62001
       159.75001
       161.88001
       164.01001
       166.14001
       168.27001
       170.40001
       172.53001
       174.66001
       176.79001
       178.92001
       181.05001
       183.18001
       185.31001
       187.44001
       189.57001
       191.70001
       193.83001
       195.96001
       198.09001
       200.22001
       202.35001
       204.48001
       206.61001
       208.74001
       210.87001
       213.00001
       215.13001
       217.26001
       219.39001
       221.52001
       223.65001
       225.78001
       227.91001
       230.04001
       232.17001
       234.30001
       236.43001
       238.56001
       240.69001
       242.82001
       244.95001
       247.08001
       249.21001
       251.34001
       253.47001
       255.60001
       257.73001
       259.86001
       261.99001
       264.12001

Y-values

      214.571
      250.357
      276.571
      224.786
      186.357
      210.571
      236.571
      218.000
      218.857
      211.000
      200.357
      179.500
      604.643
      1343.57
      1708.07
      1617.00
      1308.71
      981.929
      779.929
      598.500
      488.214
      464.000
      461.000
      510.357
      524.143
      549.286
      539.429
      562.000
      577.857
      544.214
      516.143
      445.714
      512.571
      515.500
      491.929
      529.000
      509.929
      515.286
      526.429
      546.214
      491.143
      505.286
      496.571
      492.786
      458.000
      481.929
      503.571
      488.071
      472.857
      501.071
      487.071
      456.786
      455.071
      464.929
      390.929
      487.000
      459.357
      471.429
      451.571
      477.143
      435.714
      488.429
      439.286
      429.143
      420.071
      432.714
      427.500
      398.929
      443.286
      471.643
      443.929
      449.571
      401.357
      434.214
      440.214
      438.571
      415.714
      412.357
      426.857
      416.000
      428.286
      418.429
      421.214
      403.214
      427.786
      378.429
      417.357
      356.571
      399.786
      393.571
      398.000
      385.143
      366.071
      347.286
      396.071
      404.786
      375.357
      405.143
      405.357
      441.643
      378.571
      425.786
      385.571
      387.429
      424.714
      311.571
      417.571
      439.643
      350.429
      396.357
      304.857
      402.714
      428.143
      390.143
      380.643
      380.786
      356.214
      375.214
      360.071
      366.857
      329.643
      386.286
      358.500
      407.500
      351.571
