X-values

      0.00000000
       2.1300001
       4.2600002
       6.3900003
       8.5200005
       10.650001
       12.780001
       14.910001
       17.040001
       19.170001
       21.300001
       23.430001
       25.560001
       27.690001
       29.820002
       31.950002
       34.080002
       36.210002
       38.340002
       40.470002
       42.600002
       44.730002
       46.860003
       48.990003
       51.120003
       53.250003
       55.380003
       57.510003
       59.640003
       61.770003
       63.900003
       66.030004
       68.160004
       70.290004
       72.420004
       74.550004
       76.680004
       78.810004
       80.940004
       83.070004
       85.200005
       87.330005
       89.460005
       91.590005
       93.720005
       95.850005
       97.980005
       100.11001
       102.24001
       104.37001
       106.50001
       108.63001
       110.76001
       112.89001
       115.02001
       117.15001
       119.28001
       121.41001
       123.54001
       125.67001
       127.80001
       129.93001
       132.06001
       134.19001
       136.32001
       138.45001
       140.58001
       142.71001
       144.84001
       146.97001
       149.10001
       151.23001
       153.36001
       155.49001
       157.62001
       159.75001
       161.88001
       164.01001
       166.14001
       168.27001
       170.40001
       172.53001
       174.66001
       176.79001
       178.92001
       181.05001
       183.18001
       185.31001
       187.44001
       189.57001
       191.70001
       193.83001
       195.96001
       198.09001
       200.22001
       202.35001
       204.48001
       206.61001
       208.74001
       210.87001
       213.00001
       215.13001
       217.26001
       219.39001
       221.52001
       223.65001
       225.78001
       227.91001
       230.04001
       232.17001
       234.30001
       236.43001
       238.56001
       240.69001
       242.82001
       244.95001
       247.08001
       249.21001
       251.34001
       253.47001
       255.60001
       257.73001
       259.86001
       261.99001
       264.12001

Y-values

      182.912
      214.030
      178.385
      178.986
      201.835
      151.656
      177.390
      198.511
      177.346
      173.384
      176.855
      174.337
      229.776
      181.380
      185.471
      234.154
      258.502
      318.369
      371.719
      419.904
      472.884
      438.979
      446.219
      423.690
      420.936
      430.376
      380.884
      380.871
      380.999
      434.191
      379.472
      382.058
      391.450
      418.073
      433.384
      401.998
      379.335
      395.076
      453.684
      395.060
      380.482
      393.358
      477.648
      386.933
      382.443
      414.609
      392.782
      380.931
      394.174
      439.751
      367.081
      378.924
      393.687
      421.867
      450.528
      405.047
      400.329
      395.590
      434.978
      425.854
      384.942
      401.012
      400.824
      408.893
      405.315
      466.064
      387.130
      387.062
      392.863
      436.783
      434.317
      401.630
      394.591
      410.041
      405.038
      387.497
      403.091
      423.022
      443.311
      386.080
      398.978
      400.001
      420.257
      388.036
      388.797
      390.201
      392.498
      400.382
      479.138
      421.126
      388.300
      395.124
      414.180
      427.407
      351.239
      390.102
      403.210
      408.852
      391.037
      398.094
      384.158
      391.636
      381.027
      375.778
      380.920
      384.329
      385.346
      404.960
      424.859
      378.791
      372.829
      380.659
      397.974
      395.175
      440.241
      367.580
      373.547
      370.618
      389.116
      407.231
      437.593
      371.760
      370.803
      372.845
      375.605
