X-values

      0.00000000
       2.1300001
       4.2600002
       6.3900003
       8.5200005
       10.650001
       12.780001
       14.910001
       17.040001
       19.170001
       21.300001
       23.430001
       25.560001
       27.690001
       29.820002
       31.950002
       34.080002
       36.210002
       38.340002
       40.470002
       42.600002
       44.730002
       46.860003
       48.990003
       51.120003
       53.250003
       55.380003
       57.510003
       59.640003
       61.770003
       63.900003
       66.030004
       68.160004
       70.290004
       72.420004
       74.550004
       76.680004
       78.810004
       80.940004
       83.070004
       85.200005
       87.330005
       89.460005
       91.590005
       93.720005
       95.850005
       97.980005
       100.11001
       102.24001
       104.37001
       106.50001
       108.63001
       110.76001
       112.89001
       115.02001
       117.15001
       119.28001
       121.41001
       123.54001
       125.67001
       127.80001
       129.93001
       132.06001
       134.19001
       136.32001
       138.45001
       140.58001
       142.71001
       144.84001
       146.97001
       149.10001
       151.23001
       153.36001
       155.49001
       157.62001
       159.75001
       161.88001
       164.01001
       166.14001
       168.27001
       170.40001
       172.53001
       174.66001
       176.79001
       178.92001
       181.05001
       183.18001
       185.31001
       187.44001
       189.57001
       191.70001
       193.83001
       195.96001
       198.09001
       200.22001
       202.35001
       204.48001
       206.61001
       208.74001
       210.87001
       213.00001
       215.13001
       217.26001
       219.39001
       221.52001
       223.65001
       225.78001
       227.91001
       230.04001
       232.17001
       234.30001
       236.43001
       238.56001
       240.69001
       242.82001
       244.95001
       247.08001
       249.21001
       251.34001
       253.47001
       255.60001
       257.73001
       259.86001
       261.99001
       264.12001

Y-values

      143.297
      159.004
      165.246
      159.676
      149.392
      160.782
      194.310
      183.246
      147.331
      151.658
      214.082
      105.538
      152.015
      249.974
      244.655
      312.108
      371.265
      376.525
      389.390
      343.208
      333.369
      363.210
      370.327
      318.582
      320.831
      368.129
      377.947
      344.156
      376.884
      297.004
      326.478
      368.339
      312.878
      329.163
      322.461
      337.639
      316.824
      334.283
      330.051
      333.130
      347.350
      335.907
      345.675
      350.476
      336.381
      344.468
      363.401
      298.754
      328.523
      354.226
      306.019
      330.036
      322.545
      377.431
      374.165
      363.294
      356.913
      337.020
      386.284
      368.888
      336.489
      348.524
      339.942
      335.836
      351.112
      273.001
      335.709
      381.073
      309.878
      414.210
      321.775
      339.141
      363.038
      348.939
      330.947
      335.362
      368.772
      298.974
      330.892
      344.931
      317.976
      324.319
      338.814
      320.469
      359.816
      330.660
      321.323
      332.690
      334.270
      314.979
      371.507
      310.334
      321.757
      285.720
      282.917
      339.237
      332.880
      331.547
      366.472
      341.671
      321.115
      332.786
      305.903
      326.299
      347.674
      346.712
      284.743
      397.515
      283.946
      315.955
      336.535
      322.889
      328.743
      302.975
      346.161
      312.013
      282.903
      318.245
      314.453
      311.870
      303.011
      326.794
      361.738
      314.904
      294.702
