X-values

      0.00000000
       2.1300001
       4.2600002
       6.3900003
       8.5200005
       10.650001
       12.780001
       14.910001
       17.040001
       19.170001
       21.300001
       23.430001
       25.560001
       27.690001
       29.820002
       31.950002
       34.080002
       36.210002
       38.340002
       40.470002
       42.600002
       44.730002
       46.860003
       48.990003
       51.120003
       53.250003
       55.380003
       57.510003
       59.640003
       61.770003
       63.900003
       66.030004
       68.160004
       70.290004
       72.420004
       74.550004
       76.680004
       78.810004
       80.940004
       83.070004
       85.200005
       87.330005
       89.460005
       91.590005
       93.720005
       95.850005
       97.980005
       100.11001
       102.24001
       104.37001
       106.50001
       108.63001
       110.76001
       112.89001
       115.02001
       117.15001
       119.28001
       121.41001
       123.54001
       125.67001
       127.80001
       129.93001
       132.06001
       134.19001
       136.32001
       138.45001
       140.58001
       142.71001
       144.84001
       146.97001
       149.10001
       151.23001
       153.36001
       155.49001
       157.62001
       159.75001
       161.88001
       164.01001
       166.14001
       168.27001
       170.40001
       172.53001
       174.66001
       176.79001
       178.92001
       181.05001
       183.18001
       185.31001
       187.44001
       189.57001
       191.70001
       193.83001
       195.96001
       198.09001
       200.22001
       202.35001
       204.48001
       206.61001
       208.74001
       210.87001
       213.00001
       215.13001
       217.26001
       219.39001
       221.52001
       223.65001
       225.78001
       227.91001
       230.04001
       232.17001
       234.30001
       236.43001
       238.56001
       240.69001
       242.82001
       244.95001
       247.08001
       249.21001
       251.34001
       253.47001
       255.60001
       257.73001
       259.86001
       261.99001
       264.12001

Y-values

      192.978
      226.675
      152.123
      177.257
      175.263
      173.864
      195.949
      196.900
      224.569
      167.681
      214.513
      153.993
      174.196
      230.904
      287.776
      331.891
      459.427
      413.893
      427.907
      436.407
      395.853
      402.382
      446.915
      367.842
      359.799
      447.329
      342.341
      368.809
      430.794
      323.009
      363.789
      365.656
      375.530
      346.173
      381.265
      354.605
      349.025
      358.498
      360.240
      378.122
      385.116
      365.129
      403.995
      372.603
      389.315
      362.106
      384.720
      369.994
      370.035
      352.750
      362.975
      381.815
      359.696
      399.506
      392.832
      372.389
      354.172
      377.714
      394.788
      422.051
      378.607
      375.356
      421.320
      356.804
      387.738
      347.453
      381.994
      505.971
      340.020
      501.167
      377.131
      365.527
      381.598
      373.224
      372.272
      369.067
      404.732
      348.152
      415.303
      386.488
      359.905
      363.343
      447.008
      349.784
      379.745
      344.642
      372.072
      415.555
      357.007
      359.647
      460.686
      339.162
      383.664
      333.163
      345.668
      370.549
      393.986
      380.765
      389.232
      372.059
      362.997
      360.430
      387.224
      356.290
      381.223
      418.473
      348.230
      394.765
      345.292
      357.400
      356.981
      358.333
      332.287
      358.777
      395.707
      361.049
      331.234
      356.126
      381.057
      350.861
      338.948
      354.956
      321.203
      354.103
      355.106
