X-values

      0.00000000
       2.1300000
       4.2700000
       6.4000000
       8.5400000
       10.680000
       12.810000
       14.950000
       17.080000
       19.220000
       21.360000
       23.490000
       25.630000
       27.770000
       29.900000
       32.040000
       34.170000
       36.310000
       38.450000
       40.580000
       42.720000
       44.850000
       46.990000
       49.130000
       51.260000
       53.400000
       55.540000
       57.670000
       59.810000
       61.940000
       64.080000
       66.220000
       68.350000
       70.490000
       72.620000
       74.760000
       76.900000
       79.030000
       81.170000
       83.300000
       85.440000
       87.580000
       89.710000
       91.850000
       93.980000
       96.120000
       98.260000
       100.39000
       102.53000
       104.67000
       106.80000
       108.94000
       111.08000
       113.21000
       115.35000
       117.48000
       119.62000
       121.76000
       123.89000
       126.03000
       128.16000
       130.30000
       132.44000
       134.57000
       136.71000
       138.84000
       140.98000
       143.12000
       145.25000
       147.39000
       149.52000
       151.66000
       153.80000
       155.93000
       158.07000
       160.21000
       162.34000
       164.48000
       166.61000
       168.75000
       170.89000
       173.02000
       175.16000
       177.30000
       179.43000
       181.57000
       183.70000
       185.84000
       187.98000
       190.11000
       192.25000
       194.38000
       196.52000
       198.66000
       200.79000
       202.93000
       205.07000
       207.20000
       209.34000
       211.47000
       213.61000
       215.75000
       217.88000
       220.02000
       222.15000
       224.29000
       226.43000
       228.56000
       230.70000
       232.83000
       234.97000
       237.11000
       239.24000
       241.38000
       243.52000
       245.65000
       247.79000
       249.92000
       252.06000
       254.20000
       256.33000
       258.47000
       260.60000
       262.74000
       264.88000

Y-values

      399.089
      403.985
      400.345
      442.024
      465.249
      414.029
      418.548
      443.279
      488.724
      468.010
      404.488
      432.859
      738.171
      1284.02
      1687.00
      1909.70
      1739.60
      1504.59
      1375.91
      1228.40
      1085.41
      1027.41
      1215.47
      1194.51
      1264.18
      1260.04
      1243.72
      1138.77
      1164.63
      1165.38
      1064.82
      1069.59
      1152.20
      1093.32
      1022.77
      1143.79
      1054.91
      1054.40
      1122.32
      1165.63
      1079.26
      1083.78
      1068.09
      1034.57
      1024.27
      1128.72
      992.765
      1013.48
      1081.40
      1045.99
      1097.59
      973.432
      972.051
      1009.34
      938.657
      943.302
      837.975
      951.964
      919.450
      979.332
      865.593
      949.453
      918.947
      915.558
      942.549
      875.134
      931.125
      859.567
      870.489
      898.736
      964.518
      855.174
      855.174
      917.315
      872.372
      876.641
      959.371
      856.429
      875.385
      911.415
      837.598
      884.299
      899.238
      794.538
      856.429
      926.605
      816.633
      829.438
      797.677
      884.675
      807.218
      803.451
      863.961
      876.013
      744.699
      794.036
      875.260
      805.460
      800.689
      878.398
      844.754
      795.542
      864.589
      871.619
      820.776
      796.296
      873.502
      852.286
      771.564
      928.363
      832.953
      784.620
      841.992
      822.659
      791.902
      844.252
      772.569
      806.715
      893.212
      824.416
      805.083
      892.584
      768.928
      808.975
      964.393
