X-values

      0.00000000
       2.1300001
       4.2600002
       6.3900003
       8.5200005
       10.650001
       12.780001
       14.910001
       17.040001
       19.170001
       21.300001
       23.430001
       25.560001
       27.690001
       29.820002
       31.950002
       34.080002
       36.210002
       38.340002
       40.470002
       42.600002
       44.730002
       46.860003
       48.990003
       51.120003
       53.250003
       55.380003
       57.510003
       59.640003
       61.770003
       63.900003
       66.030004
       68.160004
       70.290004
       72.420004
       74.550004
       76.680004
       78.810004
       80.940004
       83.070004
       85.200005
       87.330005
       89.460005
       91.590005
       93.720005
       95.850005
       97.980005
       100.11001
       102.24001
       104.37001
       106.50001
       108.63001
       110.76001
       112.89001
       115.02001
       117.15001
       119.28001
       121.41001
       123.54001
       125.67001
       127.80001
       129.93001
       132.06001
       134.19001
       136.32001
       138.45001
       140.58001
       142.71001
       144.84001
       146.97001
       149.10001
       151.23001
       153.36001
       155.49001
       157.62001
       159.75001
       161.88001
       164.01001
       166.14001
       168.27001
       170.40001
       172.53001
       174.66001
       176.79001
       178.92001
       181.05001
       183.18001
       185.31001
       187.44001
       189.57001
       191.70001
       193.83001
       195.96001
       198.09001
       200.22001
       202.35001
       204.48001
       206.61001
       208.74001
       210.87001
       213.00001
       215.13001
       217.26001
       219.39001
       221.52001
       223.65001
       225.78001
       227.91001
       230.04001
       232.17001
       234.30001
       236.43001
       238.56001
       240.69001
       242.82001
       244.95001
       247.08001
       249.21001
       251.34001
       253.47001
       255.60001
       257.73001
       259.86001
       261.99001
       264.12001

Y-values

      299.000
      353.250
      366.500
      334.375
      273.375
      342.125
      350.250
      332.500
      352.750
      317.125
      333.000
      345.750
      1189.75
      2387.00
      2815.63
      2518.38
      2175.88
      1704.75
      1216.88
      938.375
      721.875
      640.000
      742.875
      891.875
      1016.50
      1080.63
      1005.88
      1051.88
      1023.13
      953.750
      961.250
      850.500
      886.250
      880.000
      939.500
      966.875
      1021.25
      931.875
      918.500
      975.000
      891.375
      888.625
      856.500
      901.875
      853.500
      763.625
      819.500
      860.250
      810.375
      884.250
      885.250
      847.250
      809.625
      769.375
      834.750
      828.125
      831.750
      809.000
      795.500
      813.875
      713.875
      769.625
      756.125
      669.375
      727.125
      790.500
      769.625
      742.875
      756.750
      783.125
      756.375
      815.375
      761.250
      741.750
      740.875
      812.125
      740.250
      721.500
      788.375
      728.000
      722.750
      744.250
      626.875
      774.250
      680.875
      693.375
      728.625
      633.625
      732.500
      704.625
      676.250
      665.875
      714.500
      719.750
      689.875
      713.625
      654.875
      738.750
      709.750
      635.375
      654.875
      712.250
      705.375
      702.000
      590.500
      699.750
      686.000
      737.625
      683.500
      685.000
      708.625
      694.500
      669.625
      687.500
      575.500
      691.375
      654.625
      697.500
      660.750
      651.750
      690.000
      669.875
      658.750
      726.500
      659.750
