X-values

      0.00000000
       2.1300000
       4.2700000
       6.4000000
       8.5400000
       10.680000
       12.810000
       14.950000
       17.080000
       19.220000
       21.360000
       23.490000
       25.630000
       27.770000
       29.900000
       32.040000
       34.170000
       36.310000
       38.450000
       40.580000
       42.720000
       44.850000
       46.990000
       49.130000
       51.260000
       53.400000
       55.540000
       57.670000
       59.810000
       61.940000
       64.080000
       66.220000
       68.350000
       70.490000
       72.620000
       74.760000
       76.900000
       79.030000
       81.170000
       83.300000
       85.440000
       87.580000
       89.710000
       91.850000
       93.980000
       96.120000
       98.260000
       100.39000
       102.53000
       104.67000
       106.80000
       108.94000
       111.08000
       113.21000
       115.35000
       117.48000
       119.62000
       121.76000
       123.89000
       126.03000
       128.16000
       130.30000
       132.44000
       134.57000
       136.71000
       138.84000
       140.98000
       143.12000
       145.25000
       147.39000
       149.52000
       151.66000
       153.80000
       155.93000
       158.07000
       160.21000
       162.34000
       164.48000
       166.61000
       168.75000
       170.89000
       173.02000
       175.16000
       177.30000
       179.43000
       181.57000
       183.70000
       185.84000
       187.98000
       190.11000
       192.25000
       194.38000
       196.52000
       198.66000
       200.79000
       202.93000
       205.07000
       207.20000
       209.34000
       211.47000
       213.61000
       215.75000
       217.88000
       220.02000
       222.15000
       224.29000
       226.43000
       228.56000
       230.70000
       232.83000
       234.97000
       237.11000
       239.24000
       241.38000
       243.52000
       245.65000
       247.79000
       249.92000
       252.06000
       254.20000
       256.33000
       258.47000
       260.60000
       262.74000
       264.88000

Y-values

      461.249
      395.873
      367.282
      361.572
      353.771
      349.717
      380.052
      357.475
      344.357
      396.657
      388.987
      1175.46
      1793.22
      1813.53
      1641.11
      1255.78
      906.110
      760.540
      742.452
      765.508
      883.839
      909.509
      874.512
      848.753
      825.087
      767.164
      760.627
      749.295
      720.486
      737.919
      805.998
      761.237
      811.141
      792.792
      789.479
      775.837
      767.295
      733.779
      758.927
      776.056
      772.787
      732.951
      768.602
      762.632
      781.504
      741.058
      714.646
      759.668
      730.772
      717.348
      746.157
      697.343
      693.638
      752.564
      716.520
      689.105
      723.798
      678.820
      704.403
      697.604
      740.970
      702.617
      736.699
      697.909
      702.268
      686.447
      640.466
      708.239
      706.583
      628.001
      711.377
      695.948
      659.338
      688.495
      688.844
      714.646
      703.706
      626.955
      672.762
      676.946
      648.529
      693.725
      667.052
      666.921
      686.098
      666.529
      726.500
      674.679
      658.553
      716.040
      674.156
      659.599
      686.665
      647.657
      639.812
      679.430
      658.161
      661.648
      664.916
      680.432
      657.812
      700.089
      682.306
      669.057
      653.759
      646.350
      628.132
      668.403
      643.386
      679.691
      681.086
      645.652
      661.299
      613.052
      664.045
      665.265
      612.572
      670.713
      660.035
      627.827
      640.161
      664.829
      643.255
      641.207
      650.970
