X-values

      0.00000000
       2.1300001
       4.2600002
       6.3900003
       8.5200005
       10.650001
       12.780001
       14.910001
       17.040001
       19.170001
       21.300001
       23.430001
       25.560001
       27.690001
       29.820002
       31.950002
       34.080002
       36.210002
       38.340002
       40.470002
       42.600002
       44.730002
       46.860003
       48.990003
       51.120003
       53.250003
       55.380003
       57.510003
       59.640003
       61.770003
       63.900003
       66.030004
       68.160004
       70.290004
       72.420004
       74.550004
       76.680004
       78.810004
       80.940004
       83.070004
       85.200005
       87.330005
       89.460005
       91.590005
       93.720005
       95.850005
       97.980005
       100.11001
       102.24001
       104.37001
       106.50001
       108.63001
       110.76001
       112.89001
       115.02001
       117.15001
       119.28001
       121.41001
       123.54001
       125.67001
       127.80001
       129.93001
       132.06001
       134.19001
       136.32001
       138.45001
       140.58001
       142.71001
       144.84001
       146.97001
       149.10001
       151.23001
       153.36001
       155.49001
       157.62001
       159.75001
       161.88001
       164.01001
       166.14001
       168.27001
       170.40001
       172.53001
       174.66001
       176.79001
       178.92001
       181.05001
       183.18001
       185.31001
       187.44001
       189.57001
       191.70001
       193.83001
       195.96001
       198.09001
       200.22001
       202.35001
       204.48001
       206.61001
       208.74001
       210.87001
       213.00001
       215.13001
       217.26001
       219.39001
       221.52001
       223.65001
       225.78001
       227.91001
       230.04001
       232.17001
       234.30001
       236.43001
       238.56001
       240.69001
       242.82001
       244.95001
       247.08001
       249.21001
       251.34001
       253.47001
       255.60001
       257.73001
       259.86001
       261.99001
       264.12001

Y-values

      208.535
      178.626
      189.547
      171.305
      174.275
      187.291
      175.272
      187.134
      179.528
      186.404
      158.788
      200.905
      228.697
      263.424
      337.140
      397.586
      413.304
      478.285
      474.037
      455.166
      431.609
      394.769
      417.571
      443.747
      392.480
      383.031
      408.959
      377.116
      400.227
      362.910
      455.498
      394.319
      415.402
      371.110
      407.717
      379.610
      406.707
      376.908
      456.973
      397.904
      383.809
      386.757
      366.044
      394.068
      396.327
      387.884
      384.509
      387.860
      387.598
      413.080
      411.347
      403.672
      413.790
      418.000
      393.111
      417.168
      406.311
      417.470
      389.425
      429.101
      419.412
      387.619
      408.631
      426.684
      410.181
      477.465
      405.330
      412.724
      414.990
      391.414
      404.693
      424.866
      414.116
      410.439
      450.429
      408.208
      424.397
      414.800
      480.795
      429.202
      410.140
      404.921
      427.185
      416.083
      487.560
      398.673
      419.921
      414.322
      434.060
      413.302
      419.529
      414.874
      397.969
      386.417
      437.389
      411.230
      423.701
      408.773
      438.808
      416.804
      401.411
      390.660
      430.847
      412.597
      420.758
      403.137
      421.672
      413.146
      447.037
      405.794
      403.589
      399.543
      444.278
      398.453
      427.141
      401.154
      451.214
      379.052
      438.621
      396.332
      428.600
      391.179
      421.839
      392.884
      418.688
