X-values

      0.00000000
       2.1300000
       4.2700000
       6.4000000
       8.5400000
       10.680000
       12.810000
       14.950000
       17.080000
       19.220000
       21.360000
       23.490000
       25.630000
       27.770000
       29.900000
       32.040000
       34.170000
       36.310000
       38.450000
       40.580000
       42.720000
       44.850000
       46.990000
       49.130000
       51.260000
       53.400000
       55.540000
       57.670000
       59.810000
       61.940000
       64.080000
       66.220000
       68.350000
       70.490000
       72.620000
       74.760000
       76.900000
       79.030000
       81.170000
       83.300000
       85.440000
       87.580000
       89.710000
       91.850000
       93.980000
       96.120000
       98.260000
       100.39000
       102.53000
       104.67000
       106.80000
       108.94000
       111.08000
       113.21000
       115.35000
       117.48000
       119.62000
       121.76000
       123.89000
       126.03000
       128.16000
       130.30000
       132.44000
       134.57000
       136.71000
       138.84000
       140.98000
       143.12000
       145.25000
       147.39000
       149.52000
       151.66000
       153.80000
       155.93000
       158.07000
       160.21000
       162.34000
       164.48000
       166.61000
       168.75000
       170.89000
       173.02000
       175.16000
       177.30000
       179.43000
       181.57000
       183.70000
       185.84000
       187.98000
       190.11000
       192.25000
       194.38000
       196.52000
       198.66000
       200.79000
       202.93000
       205.07000
       207.20000
       209.34000
       211.47000
       213.61000
       215.75000
       217.88000
       220.02000
       222.15000
       224.29000
       226.43000
       228.56000
       230.70000
       232.83000
       234.97000
       237.11000
       239.24000
       241.38000
       243.52000
       245.65000
       247.79000
       249.92000
       252.06000
       254.20000
       256.33000
       258.47000
       260.60000
       262.74000
       264.88000

Y-values

      339.619
      339.475
      317.207
      327.078
      375.848
      326.564
      355.090
      440.147
      326.111
      332.794
      427.250
      338.015
      531.650
      537.498
      725.463
      762.365
      847.207
      926.150
      895.818
      864.858
      1012.28
      800.479
      813.208
      766.778
      746.432
      819.598
      721.861
      724.823
      847.725
      717.323
      709.737
      764.148
      715.633
      703.549
      730.415
      722.550
      741.943
      856.771
      758.126
      833.066
      783.024
      782.599
      895.028
      785.910
      791.297
      801.143
      801.279
      858.646
      791.525
      800.348
      881.324
      818.175
      830.187
      993.729
      813.686
      868.591
      759.714
      807.218
      961.965
      798.177
      867.911
      824.170
      839.038
      785.328
      812.563
      887.490
      823.636
      850.017
      823.089
      825.990
      844.842
      824.202
      1003.38
      833.735
      916.507
      838.288
      857.093
      833.291
      835.591
      1014.17
      834.735
      828.887
      927.159
      842.897
      818.981
      960.502
      820.207
      925.438
      818.692
      816.658
      1022.39
      811.823
      814.467
      855.473
      801.649
      813.412
      919.938
      807.182
      805.706
      789.232
      797.141
      885.394
      793.559
      794.434
      793.414
      997.852
      796.036
      840.235
      788.620
      796.471
      965.443
      795.104
      794.664
      793.398
      786.462
      830.320
      783.706
      784.478
      939.764
      790.894
      815.161
      795.630
      790.773
      927.020
      781.277
