X-values

      0.00000000
       2.1300000
       4.2600000
       6.3900000
       8.5200000
       10.650000
       12.780000
       14.910000
       17.040000
       19.170000
       21.300000
       23.430000
       25.560000
       27.690000
       29.820000
       31.950000
       34.080000
       36.210000
       38.340000
       40.470000
       42.600000
       44.730000
       46.860000
       48.990000
       51.120000
       53.250000
       55.380000
       57.510000
       59.640000
       61.770000
       63.900000
       66.030000
       68.160000
       70.290000
       72.420000
       74.550000
       76.680000
       78.810000
       80.940000
       83.070000
       85.200000
       87.330000
       89.460000
       91.590000
       93.720000
       95.850000
       97.980000
       100.11000
       102.24000
       104.37000
       106.50000
       108.63000
       110.76000
       112.89000
       115.02000
       117.15000
       119.28000
       121.41000
       123.54000
       125.67000
       127.80000
       129.93000
       132.06000
       134.19000
       136.32000
       138.45000
       140.58000
       142.71000
       144.84000
       146.97000
       149.10000
       151.23000
       153.36000
       155.49000
       157.62000
       159.75000
       161.88000
       164.01000
       166.14000
       168.27000
       170.40000
       172.53000
       174.66000
       176.79000
       178.92000
       181.05000
       183.18000
       185.31000
       187.44000
       189.57000
       191.70000
       193.83000
       195.96000
       198.09000
       200.22000
       202.35000
       204.48000
       206.61000
       208.74000
       210.87000
       213.00000
       215.13000
       217.26000
       219.39000
       221.52000
       223.65000
       225.78000
       227.91000
       230.04000
       232.17000
       234.30000
       236.43000
       238.56000
       240.69000
       242.82000
       244.95000
       247.08000
       249.21000
       251.34000
       253.47000
       255.60000
       257.73000
       259.86000
       261.99000
       264.12000

Y-values

      365.010
      466.284
      361.485
      427.343
      354.623
      407.479
      437.031
      486.308
      360.308
      406.159
      479.092
      455.460
      401.209
      373.494
      408.592
      427.531
      625.744
      669.972
      819.474
      878.483
      883.015
      770.363
      803.207
      783.717
      741.921
      774.080
      617.070
      692.209
      785.667
      667.517
      611.605
      695.580
      734.160
      671.489
      681.508
      645.751
      665.915
      718.592
      663.765
      682.105
      702.358
      701.607
      677.499
      722.801
      835.446
      687.241
      636.323
      721.010
      739.319
      709.963
      669.962
      725.755
      719.196
      638.857
      689.568
      763.538
      818.011
      778.628
      711.461
      682.717
      754.969
      739.782
      686.810
      737.299
      629.016
      741.245
      724.849
      683.711
      763.385
      781.070
      674.974
      724.658
      882.359
      679.224
      673.857
      712.333
      770.574
      693.973
      731.385
      832.183
      737.813
      704.883
      740.408
      741.255
      771.584
      685.893
      896.085
      705.424
      669.925
      763.288
      761.002
      633.708
      721.234
      790.653
      726.382
      672.139
      727.948
      728.933
      686.708
      749.430
      706.388
      839.222
      695.970
      664.914
      823.369
      771.116
      653.785
      743.956
      787.423
      667.061
      646.885
      714.940
      830.632
      691.462
      691.577
      831.419
      746.779
      732.917
      653.279
      665.558
      817.468
      766.591
      688.431
      689.141
      851.226
