X-values

      0.00000000
       2.1300001
       4.2600002
       6.3900003
       8.5200005
       10.650001
       12.780001
       14.910001
       17.040001
       19.170001
       21.300001
       23.430001
       25.560001
       27.690001
       29.820002
       31.950002
       34.080002
       36.210002
       38.340002
       40.470002
       42.600002
       44.730002
       46.860003
       48.990003
       51.120003
       53.250003
       55.380003
       57.510003
       59.640003
       61.770003
       63.900003
       66.030004
       68.160004
       70.290004
       72.420004
       74.550004
       76.680004
       78.810004
       80.940004
       83.070004
       85.200005
       87.330005
       89.460005
       91.590005
       93.720005
       95.850005
       97.980005
       100.11001
       102.24001
       104.37001
       106.50001
       108.63001
       110.76001
       112.89001
       115.02001
       117.15001
       119.28001
       121.41001
       123.54001
       125.67001
       127.80001
       129.93001
       132.06001
       134.19001
       136.32001
       138.45001
       140.58001
       142.71001
       144.84001
       146.97001
       149.10001
       151.23001
       153.36001
       155.49001
       157.62001
       159.75001
       161.88001
       164.01001
       166.14001
       168.27001
       170.40001
       172.53001
       174.66001
       176.79001
       178.92001
       181.05001
       183.18001
       185.31001
       187.44001
       189.57001
       191.70001
       193.83001
       195.96001
       198.09001
       200.22001
       202.35001
       204.48001
       206.61001
       208.74001
       210.87001
       213.00001
       215.13001
       217.26001
       219.39001
       221.52001
       223.65001
       225.78001
       227.91001
       230.04001
       232.17001
       234.30001
       236.43001
       238.56001
       240.69001
       242.82001
       244.95001
       247.08001
       249.21001
       251.34001
       253.47001
       255.60001
       257.73001
       259.86001
       261.99001
       264.12001

Y-values

      272.250
      271.500
      333.500
      254.250
      388.750
      323.000
      310.250
      288.750
      338.500
      293.500
      303.750
      207.750
      469.750
      1174.25
      1656.25
      1964.50
      1616.00
      1301.50
      1068.50
      887.750
      705.500
      597.750
      656.750
      774.250
      744.500
      798.250
      811.750
      750.500
      714.000
      582.000
      820.500
      659.000
      719.750
      737.250
      784.500
      699.500
      718.250
      719.250
      830.250
      724.500
      713.250
      653.750
      686.500
      698.750
      605.000
      699.500
      679.000
      674.000
      689.750
      627.000
      619.000
      620.000
      641.500
      677.750
      668.500
      651.000
      642.750
      770.500
      697.750
      640.750
      613.250
      520.250
      630.000
      669.250
      618.500
      652.500
      628.500
      656.000
      659.000
      625.750
      645.500
      643.500
      630.500
      619.500
      574.750
      610.500
      591.500
      597.000
      615.500
      569.250
      614.750
      631.000
      647.000
      582.250
      580.000
      782.500
      601.500
      539.500
      628.250
      590.750
      607.250
      591.250
      566.750
      587.750
      575.750
      663.000
      593.500
      533.000
      600.750
      552.500
      569.750
      550.000
      634.750
      614.500
      575.750
      604.000
      562.000
      561.000
      459.250
      596.750
      578.750
      508.250
      540.750
      555.250
      603.750
      503.500
      574.250
      542.250
      551.250
      571.250
      582.500
      519.000
      568.750
      599.750
      596.750
