X-values

      0.00000000
       2.1300000
       4.2700000
       6.4000000
       8.5400000
       10.680000
       12.810000
       14.950000
       17.080000
       19.220000
       21.360000
       23.490000
       25.630000
       27.770000
       29.900000
       32.040000
       34.170000
       36.310000
       38.450000
       40.580000
       42.720000
       44.850000
       46.990000
       49.130000
       51.260000
       53.400000
       55.540000
       57.670000
       59.810000
       61.940000
       64.080000
       66.220000
       68.350000
       70.490000
       72.620000
       74.760000
       76.900000
       79.030000
       81.170000
       83.300000
       85.440000
       87.580000
       89.710000
       91.850000
       93.980000
       96.120000
       98.260000
       100.39000
       102.53000
       104.67000
       106.80000
       108.94000
       111.08000
       113.21000
       115.35000
       117.48000
       119.62000
       121.76000
       123.89000
       126.03000
       128.16000
       130.30000
       132.44000
       134.57000
       136.71000
       138.84000
       140.98000
       143.12000
       145.25000
       147.39000
       149.52000
       151.66000
       153.80000
       155.93000
       158.07000
       160.21000
       162.34000
       164.48000
       166.61000
       168.75000
       170.89000
       173.02000
       175.16000
       177.30000
       179.43000
       181.57000
       183.70000
       185.84000
       187.98000
       190.11000
       192.25000
       194.38000
       196.52000
       198.66000
       200.79000
       202.93000
       205.07000
       207.20000
       209.34000
       211.47000
       213.61000
       215.75000
       217.88000
       220.02000
       222.15000
       224.29000
       226.43000
       228.56000
       230.70000
       232.83000
       234.97000
       237.11000
       239.24000
       241.38000
       243.52000
       245.65000
       247.79000
       249.92000
       252.06000
       254.20000
       256.33000
       258.47000
       260.60000
       262.74000
       264.88000

Y-values

      342.401
      314.655
      295.697
      292.047
      344.548
      276.582
      336.682
      275.186
      341.583
      293.195
      320.812
      319.354
      295.332
      354.401
      283.793
      328.949
      346.481
      489.026
      548.327
      587.777
      585.500
      509.848
      555.142
      492.747
      550.249
      490.173
      528.701
      511.283
      510.158
      525.634
      471.568
      538.141
      466.925
      509.080
      490.369
      536.303
      514.605
      544.846
      537.429
      456.587
      542.963
      465.515
      525.783
      467.303
      526.630
      492.565
      537.285
      507.673
      526.901
      534.993
      477.654
      523.849
      506.203
      552.266
      534.749
      484.394
      553.521
      482.359
      540.127
      489.054
      516.841
      514.938
      532.834
      539.690
      492.134
      551.905
      505.568
      520.646
      539.389
      492.100
      519.566
      525.768
      549.255
      531.758
      493.634
      538.622
      530.666
      548.810
      526.706
      485.062
      545.060
      539.693
      506.816
      531.148
      505.957
      531.491
      545.877
      478.367
      534.838
      546.866
      545.742
      545.619
      467.981
      563.245
      486.972
      528.422
      517.157
      514.546
      542.829
      480.311
      545.941
      470.632
      536.964
      500.680
      510.268
      529.303
      543.859
      516.299
      500.397
      541.458
      505.853
      527.578
      537.304
      482.530
      550.580
      496.555
      548.336
      544.842
      456.732
      529.869
      483.844
      526.547
      539.372
      448.790
      536.590
