X-values

      0.00000000
       2.1300001
       4.2600002
       6.3900003
       8.5200005
       10.650001
       12.780001
       14.910001
       17.040001
       19.170001
       21.300001
       23.430001
       25.560001
       27.690001
       29.820002
       31.950002
       34.080002
       36.210002
       38.340002
       40.470002
       42.600002
       44.730002
       46.860003
       48.990003
       51.120003
       53.250003
       55.380003
       57.510003
       59.640003
       61.770003
       63.900003
       66.030004
       68.160004
       70.290004
       72.420004
       74.550004
       76.680004
       78.810004
       80.940004
       83.070004
       85.200005
       87.330005
       89.460005
       91.590005
       93.720005
       95.850005
       97.980005
       100.11001
       102.24001
       104.37001
       106.50001
       108.63001
       110.76001
       112.89001
       115.02001
       117.15001
       119.28001
       121.41001
       123.54001
       125.67001
       127.80001
       129.93001
       132.06001
       134.19001
       136.32001
       138.45001
       140.58001
       142.71001
       144.84001
       146.97001
       149.10001
       151.23001
       153.36001
       155.49001
       157.62001
       159.75001
       161.88001
       164.01001
       166.14001
       168.27001
       170.40001
       172.53001
       174.66001
       176.79001
       178.92001
       181.05001
       183.18001
       185.31001
       187.44001
       189.57001
       191.70001
       193.83001
       195.96001
       198.09001
       200.22001
       202.35001
       204.48001
       206.61001
       208.74001
       210.87001
       213.00001
       215.13001
       217.26001
       219.39001
       221.52001
       223.65001
       225.78001
       227.91001
       230.04001
       232.17001
       234.30001
       236.43001
       238.56001
       240.69001
       242.82001
       244.95001
       247.08001
       249.21001
       251.34001
       253.47001
       255.60001
       257.73001
       259.86001
       261.99001
       264.12001

Y-values

      148.500
      150.250
      154.500
      131.500
      164.750
      166.250
      133.750
      151.750
      141.500
      162.000
      163.250
      157.750
      117.750
      263.000
      663.750
      1150.50
      1243.00
      1269.25
      1194.00
      1049.25
      956.000
      807.750
      608.750
      478.250
      458.000
      426.500
      523.250
      556.750
      619.250
      630.750
      611.750
      557.250
      555.250
      546.250
      576.750
      476.500
      458.250
      442.000
      399.500
      452.250
      414.250
      417.500
      488.250
      475.750
      459.500
      416.250
      479.500
      460.250
      465.250
      437.000
      413.750
      405.000
      431.500
      414.500
      344.000
      483.500
      415.250
      431.250
      390.250
      534.000
      452.750
      405.750
      373.250
      439.000
      370.000
      457.500
      414.250
      383.000
      428.500
      383.750
      416.000
      377.000
      390.250
      423.500
      395.250
      419.500
      383.250
      372.250
      400.750
      417.750
      380.500
      370.000
      427.000
      395.750
      368.250
      399.250
      371.750
      398.750
      446.000
      373.000
      389.000
      339.750
      326.750
      329.500
      418.250
      368.000
      365.000
      363.500
      336.000
      368.000
      331.750
      332.000
      353.000
      364.750
      346.250
      353.000
      327.500
      284.750
      447.750
      373.750
      330.500
      333.250
      342.250
      356.750
      398.750
      372.750
      330.000
      333.250
      386.500
      331.250
      384.750
      291.250
      363.000
      311.000
      319.000
