X-values

      0.00000000
       2.1300001
       4.2600002
       6.3900003
       8.5200005
       10.650001
       12.780001
       14.910001
       17.040001
       19.170001
       21.300001
       23.430001
       25.560001
       27.690001
       29.820002
       31.950002
       34.080002
       36.210002
       38.340002
       40.470002
       42.600002
       44.730002
       46.860003
       48.990003
       51.120003
       53.250003
       55.380003
       57.510003
       59.640003
       61.770003
       63.900003
       66.030004
       68.160004
       70.290004
       72.420004
       74.550004
       76.680004
       78.810004
       80.940004
       83.070004
       85.200005
       87.330005
       89.460005
       91.590005
       93.720005
       95.850005
       97.980005
       100.11001
       102.24001
       104.37001
       106.50001
       108.63001
       110.76001
       112.89001
       115.02001
       117.15001
       119.28001
       121.41001
       123.54001
       125.67001
       127.80001
       129.93001
       132.06001
       134.19001
       136.32001
       138.45001
       140.58001
       142.71001
       144.84001
       146.97001
       149.10001
       151.23001
       153.36001
       155.49001
       157.62001
       159.75001
       161.88001
       164.01001
       166.14001
       168.27001
       170.40001
       172.53001
       174.66001
       176.79001
       178.92001
       181.05001
       183.18001
       185.31001
       187.44001
       189.57001
       191.70001
       193.83001
       195.96001
       198.09001
       200.22001
       202.35001
       204.48001
       206.61001
       208.74001
       210.87001
       213.00001
       215.13001
       217.26001
       219.39001
       221.52001
       223.65001
       225.78001
       227.91001
       230.04001
       232.17001
       234.30001
       236.43001
       238.56001
       240.69001
       242.82001
       244.95001
       247.08001
       249.21001
       251.34001
       253.47001
       255.60001
       257.73001
       259.86001
       261.99001
       264.12001

Y-values

      373.373
      281.539
      328.609
      373.355
      304.687
      267.604
      312.820
      422.313
      210.277
      189.515
      232.892
      186.716
      226.525
      308.263
      231.321
      350.344
      276.882
      452.106
      591.633
      699.017
      721.764
      686.510
      752.221
      664.993
      695.552
      696.900
      611.830
      734.582
      513.887
      627.095
      565.602
      658.190
      567.602
      647.381
      662.203
      682.220
      592.840
      644.137
      676.937
      615.480
      615.835
      576.714
      601.736
      614.563
      646.486
      642.970
      707.486
      619.752
      643.088
      667.543
      733.761
      693.351
      626.997
      493.098
      617.942
      620.817
      643.601
      634.888
      661.430
      673.275
      645.699
      666.105
      618.916
      649.214
      695.636
      623.405
      629.172
      544.715
      624.800
      629.133
      590.466
      569.567
      605.665
      757.663
      596.348
      608.883
      594.861
      557.991
      735.323
      578.462
      636.679
      648.656
      501.204
      599.845
      554.599
      635.721
      596.456
      609.612
      591.615
      524.899
      656.549
      559.356
      583.847
      603.652
      607.416
      469.436
      574.999
      654.087
      526.218
      488.422
      529.540
      579.629
      521.947
      561.510
      568.585
      623.082
      533.264
      612.572
      658.185
      458.527
      579.202
      590.359
      502.851
      530.818
      545.665
      485.026
      539.415
      595.207
      555.827
      557.948
      595.337
      567.113
      580.923
      547.558
      581.237
