X-values

      0.00000000
       2.1300000
       4.2700000
       6.4000000
       8.5400000
       10.680000
       12.810000
       14.950000
       17.080000
       19.220000
       21.360000
       23.490000
       25.630000
       27.770000
       29.900000
       32.040000
       34.170000
       36.310000
       38.450000
       40.580000
       42.720000
       44.850000
       46.990000
       49.130000
       51.260000
       53.400000
       55.540000
       57.670000
       59.810000
       61.940000
       64.080000
       66.220000
       68.350000
       70.490000
       72.620000
       74.760000
       76.900000
       79.030000
       81.170000
       83.300000
       85.440000
       87.580000
       89.710000
       91.850000
       93.980000
       96.120000
       98.260000
       100.39000
       102.53000
       104.67000
       106.80000
       108.94000
       111.08000
       113.21000
       115.35000
       117.48000
       119.62000
       121.76000
       123.89000
       126.03000
       128.16000
       130.30000
       132.44000
       134.57000
       136.71000
       138.84000
       140.98000
       143.12000
       145.25000
       147.39000
       149.52000
       151.66000
       153.80000
       155.93000
       158.07000
       160.21000
       162.34000
       164.48000
       166.61000
       168.75000
       170.89000
       173.02000
       175.16000
       177.30000
       179.43000
       181.57000
       183.70000
       185.84000
       187.98000
       190.11000
       192.25000
       194.38000
       196.52000
       198.66000
       200.79000
       202.93000
       205.07000
       207.20000
       209.34000
       211.47000
       213.61000
       215.75000
       217.88000
       220.02000
       222.15000
       224.29000
       226.43000
       228.56000
       230.70000
       232.83000
       234.97000
       237.11000
       239.24000
       241.38000
       243.52000
       245.65000
       247.79000
       249.92000
       252.06000
       254.20000
       256.33000
       258.47000
       260.60000
       262.74000
       264.88000

Y-values

      539.990
      482.360
      564.768
      572.418
      435.708
      451.064
      514.466
      514.162
      429.454
      488.481
      509.787
      544.670
      472.394
      617.832
      800.138
      987.196
      980.479
      1016.63
      1100.55
      1003.02
      944.584
      980.313
      1054.33
      1053.16
      1007.29
      919.570
      971.380
      1048.75
      942.155
      931.552
      948.810
      933.311
      874.858
      906.855
      901.506
      823.036
      919.285
      856.725
      912.633
      1014.50
      894.056
      880.770
      890.866
      920.020
      990.838
      843.250
      901.379
      969.382
      955.237
      895.078
      920.723
      909.896
      918.866
      856.007
      930.237
      946.200
      1008.23
      888.828
      868.786
      921.784
      979.667
      994.668
      917.122
      941.189
      1019.47
      918.293
      930.342
      940.405
      955.435
      974.465
      941.479
      946.014
      946.339
      857.398
      901.985
      935.233
      978.377
      960.005
      865.085
      921.207
      1015.24
      936.547
      965.858
      894.834
      973.826
      998.688
      872.133
      906.820
      944.406
      1071.31
      962.778
      920.967
      940.488
      976.021
      947.753
      975.139
      942.462
      963.372
      1069.64
      989.442
      922.490
      924.073
      990.435
      1018.94
      807.176
      932.550
      912.126
      991.850
      1007.89
      938.894
      926.270
      915.152
      949.045
      1060.85
      972.272
      891.144
      945.553
      1008.74
      962.698
      922.683
      941.944
      914.402
      967.334
      848.130
      900.003
