X-values

      0.00000000
       2.1300000
       4.2700000
       6.4000000
       8.5400000
       10.680000
       12.810000
       14.950000
       17.090000
       19.220000
       21.360000
       23.490000
       25.630000
       27.770000
       29.900000
       32.040000
       34.170000
       36.310000
       38.450000
       40.580000
       42.720000
       44.860000
       46.990000
       49.130000
       51.260000
       53.400000
       55.540000
       57.670000
       59.810000
       61.940000
       64.080000
       66.220000
       68.350000
       70.490000
       72.620000
       74.760000
       76.900000
       79.030000
       81.170000
       83.310000
       85.440000
       87.580000
       89.710000
       91.850000
       93.990000
       96.120000
       98.260000
       100.40000
       102.53000
       104.67000
       106.80000
       108.94000
       111.08000
       113.21000
       115.35000
       117.48000
       119.62000
       121.76000
       123.89000
       126.03000
       128.16000
       130.30000
       132.44000
       134.57000
       136.71000
       138.85000
       140.98000
       143.12000
       145.25000
       147.39000
       149.53000
       151.66000
       153.80000
       155.94000
       158.07000
       160.21000
       162.34000
       164.48000
       166.61000
       168.75000
       170.89000
       173.02000
       175.16000
       177.30000
       179.43000
       181.57000
       183.71000
       185.84000
       187.98000
       190.11000
       192.25000
       194.38000
       196.52000
       198.66000
       200.79000
       202.93000
       205.07000
       207.20000
       209.34000
       211.47000
       213.61000
       215.75000
       217.88000
       220.02000
       222.16000
       224.29000
       226.43000
       228.56000
       230.70000
       232.84000
       234.97000
       237.11000
       239.25000
       241.38000
       243.52000
       245.65000
       247.79000
       249.92000
       252.06000
       254.20000
       256.33000
       258.47000
       260.61000
       262.74000
       264.88000

Y-values

      538.005
      310.700
      485.440
      548.453
      410.467
      502.473
      492.597
      429.297
      496.760
      407.595
      421.007
      458.806
      492.377
      581.219
      395.858
      569.956
      710.012
      616.779
      660.059
      632.174
      637.769
      628.777
      614.382
      574.128
      603.574
      574.302
      552.569
      567.481
      585.680
      615.196
      639.896
      666.625
      572.609
      622.895
      630.763
      614.505
      623.771
      614.561
      589.402
      621.787
      578.256
      585.847
      640.129
      566.221
      531.338
      617.031
      569.904
      660.160
      648.250
      692.829
      671.331
      607.041
      651.630
      700.074
      529.798
      648.122
      697.038
      839.226
      614.776
      735.570
      733.757
      692.478
      739.409
      723.287
      623.144
      697.461
      759.639
      819.658
      655.746
      703.259
      680.860
      600.016
      660.388
      855.856
      749.116
      701.946
      687.358
      717.748
      978.686
      708.564
      933.637
      680.038
      768.324
      811.877
      719.529
      693.456
      732.380
      766.010
      739.706
      787.689
      992.061
      697.711
      790.386
      901.784
      745.755
      774.173
      947.868
      725.991
      788.634
      871.581
      703.356
      787.525
      655.225
      883.066
      779.540
      815.222
      747.679
      863.438
      785.764
      780.968
      820.186
      829.423
      748.395
      776.947
      940.985
      826.957
      895.238
      798.055
      863.156
      849.031
      901.144
      785.870
      891.628
      847.332
      840.133
