X-values

      0.00000000
       2.1300001
       4.2600002
       6.3900003
       8.5200005
       10.650001
       12.780001
       14.910001
       17.040001
       19.170001
       21.300001
       23.430001
       25.560001
       27.690001
       29.820002
       31.950002
       34.080002
       36.210002
       38.340002
       40.470002
       42.600002
       44.730002
       46.860003
       48.990003
       51.120003
       53.250003
       55.380003
       57.510003
       59.640003
       61.770003
       63.900003
       66.030004
       68.160004
       70.290004
       72.420004
       74.550004
       76.680004
       78.810004
       80.940004
       83.070004
       85.200005
       87.330005
       89.460005
       91.590005
       93.720005
       95.850005
       97.980005
       100.11001
       102.24001
       104.37001
       106.50001
       108.63001
       110.76001
       112.89001
       115.02001
       117.15001
       119.28001
       121.41001
       123.54001
       125.67001
       127.80001
       129.93001
       132.06001
       134.19001
       136.32001
       138.45001
       140.58001
       142.71001
       144.84001
       146.97001
       149.10001
       151.23001
       153.36001
       155.49001
       157.62001
       159.75001
       161.88001
       164.01001
       166.14001
       168.27001
       170.40001
       172.53001
       174.66001
       176.79001
       178.92001
       181.05001
       183.18001
       185.31001
       187.44001
       189.57001
       191.70001
       193.83001
       195.96001
       198.09001
       200.22001
       202.35001
       204.48001
       206.61001
       208.74001
       210.87001
       213.00001
       215.13001
       217.26001
       219.39001
       221.52001
       223.65001
       225.78001
       227.91001
       230.04001
       232.17001
       234.30001
       236.43001
       238.56001
       240.69001
       242.82001
       244.95001
       247.08001
       249.21001
       251.34001
       253.47001
       255.60001
       257.73001
       259.86001
       261.99001
       264.12001

Y-values

      181.769
      187.323
      160.377
      158.947
      171.685
      150.536
      154.731
      183.927
      153.271
      154.983
      186.465
      168.464
      196.282
      283.700
      318.057
      351.883
      409.221
      376.470
      367.193
      385.318
      324.866
      358.499
      321.511
      376.858
      353.099
      338.487
      370.379
      342.021
      356.050
      369.949
      342.552
      371.012
      371.983
      333.425
      378.931
      375.675
      341.990
      380.775
      386.733
      350.077
      392.338
      389.845
      387.161
      372.052
      398.099
      387.033
      381.146
      375.830
      406.038
      401.018
      372.444
      393.380
      407.905
      376.492
      398.816
      402.727
      378.387
      418.129
      410.482
      412.538
      411.860
      413.434
      392.320
      420.116
      415.733
      411.761
      389.007
      415.523
      419.032
      402.532
      407.450
      421.605
      428.258
      384.290
      425.116
      414.117
      378.553
      411.534
      374.641
      407.679
      408.089
      386.354
      416.786
      375.512
      410.292
      369.441
      389.519
      389.771
      366.399
      399.934
      370.589
      410.731
      366.148
      385.239
      392.438
      375.324
      406.736
      366.696
      384.780
      367.840
      372.838
      391.844
      362.545
      371.931
      386.429
      364.155
      361.814
      388.618
      351.488
      376.037
      388.074
      351.708
      385.338
      346.317
      359.758
      388.985
      357.877
      363.198
      387.914
      348.756
      367.950
      388.975
      344.748
      367.928
      376.906
