X-values

      0.00000000
       2.1300001
       4.2600002
       6.3900003
       8.5200005
       10.650001
       12.780001
       14.910001
       17.040001
       19.170001
       21.300001
       23.430001
       25.560001
       27.690001
       29.820002
       31.950002
       34.080002
       36.210002
       38.340002
       40.470002
       42.600002
       44.730002
       46.860003
       48.990003
       51.120003
       53.250003
       55.380003
       57.510003
       59.640003
       61.770003
       63.900003
       66.030004
       68.160004
       70.290004
       72.420004
       74.550004
       76.680004
       78.810004
       80.940004
       83.070004
       85.200005
       87.330005
       89.460005
       91.590005
       93.720005
       95.850005
       97.980005
       100.11001
       102.24001
       104.37001
       106.50001
       108.63001
       110.76001
       112.89001
       115.02001
       117.15001
       119.28001
       121.41001
       123.54001
       125.67001
       127.80001
       129.93001
       132.06001
       134.19001
       136.32001
       138.45001
       140.58001
       142.71001
       144.84001
       146.97001
       149.10001
       151.23001
       153.36001
       155.49001
       157.62001
       159.75001
       161.88001
       164.01001
       166.14001
       168.27001
       170.40001
       172.53001
       174.66001
       176.79001
       178.92001
       181.05001
       183.18001
       185.31001
       187.44001
       189.57001
       191.70001
       193.83001
       195.96001
       198.09001
       200.22001
       202.35001
       204.48001
       206.61001
       208.74001
       210.87001
       213.00001
       215.13001
       217.26001
       219.39001
       221.52001
       223.65001
       225.78001
       227.91001
       230.04001
       232.17001
       234.30001
       236.43001
       238.56001
       240.69001
       242.82001
       244.95001
       247.08001
       249.21001
       251.34001
       253.47001
       255.60001
       257.73001
       259.86001
       261.99001
       264.12001

Y-values

      119.397
      149.019
      182.558
      135.443
      166.638
      137.089
      160.781
      135.349
      104.667
      129.149
      194.495
      130.764
      160.970
      225.716
      244.143
      300.798
      319.593
      329.604
      330.966
      297.316
      291.311
      303.567
      258.956
      307.792
      248.426
      271.644
      311.961
      252.952
      317.417
      263.977
      257.539
      284.642
      251.829
      222.763
      250.177
      295.329
      256.120
      268.198
      259.568
      292.756
      260.819
      268.123
      251.610
      279.590
      265.550
      291.282
      267.485
      291.077
      273.207
      282.761
      272.103
      285.066
      273.510
      306.932
      271.082
      286.907
      273.284
      270.643
      285.174
      273.699
      315.519
      274.683
      305.934
      273.871
      303.228
      271.131
      292.808
      296.526
      275.396
      308.299
      277.710
      335.976
      274.664
      339.267
      277.631
      324.917
      274.816
      331.367
      277.605
      315.449
      274.344
      322.329
      273.213
      306.503
      268.853
      316.446
      268.742
      286.726
      270.495
      296.488
      270.099
      280.182
      265.642
      282.382
      286.412
      267.021
      303.675
      271.495
      240.616
      261.868
      294.702
      261.714
      277.262
      260.609
      244.734
      261.249
      287.822
      260.067
      263.240
      258.019
      258.923
      257.360
      297.875
      242.409
      284.256
      253.408
      300.935
      248.552
      296.622
      250.635
      291.082
      248.772
      310.905
      251.971
      234.633
