X-values

      0.00000000
       2.1300001
       4.2600002
       6.3900003
       8.5200004
       10.650001
       12.780001
       14.910001
       17.040001
       19.170001
       21.300001
       23.430001
       25.560001
       27.690001
       29.820001
       31.950002
       34.080002
       36.210002
       38.340002
       40.470002
       42.600002
       44.730002
       46.860002
       48.990002
       51.120002
       53.250003
       55.380003
       57.510003
       59.640003
       61.770003
       63.900003
       66.030003
       68.160003
       70.290003
       72.420003
       74.550004
       76.680004
       78.810004
       80.940004
       83.070004
       85.200004
       87.330004
       89.460004
       91.590004
       93.720004
       95.850005
       97.980005
       100.11000
       102.24000
       104.37000
       106.50001
       108.63001
       110.76001
       112.89001
       115.02001
       117.15001
       119.28001
       121.41001
       123.54001
       125.67001
       127.80001
       129.93001
       132.06001
       134.19001
       136.32001
       138.45001
       140.58001
       142.71001
       144.84001
       146.97001
       149.10001
       151.23001
       153.36001
       155.49001
       157.62001
       159.75001
       161.88001
       164.01001
       166.14001
       168.27001
       170.40001
       172.53001
       174.66001
       176.79001
       178.92001
       181.05001
       183.18001
       185.31001
       187.44001
       189.57001
       191.70001
       193.83001
       195.96001
       198.09001
       200.22001
       202.35001
       204.48001
       206.61001
       208.74001
       210.87001
       213.00001
       215.13001
       217.26001
       219.39001
       221.52001
       223.65001
       225.78001
       227.91001
       230.04001
       232.17001
       234.30001
       236.43001
       238.56001
       240.69001
       242.82001
       244.95001
       247.08001
       249.21001
       251.34001
       253.47001
       255.60001
       257.73001
       259.86001
       261.99001
       264.12001

Y-values

      136.690
      109.574
      159.772
      147.025
      152.787
      155.157
      129.221
      155.372
      140.224
      160.894
      123.389
      177.891
      153.794
      179.788
      233.472
      279.046
      322.954
      342.971
      345.351
      343.187
      318.088
      294.422
      295.065
      275.405
      289.332
      276.708
      289.827
      266.624
      286.458
      286.380
      310.948
      282.772
      271.797
      294.540
      260.416
      294.613
      282.550
      297.229
      307.681
      258.654
      277.412
      300.810
      300.538
      303.839
      300.288
      293.087
      317.740
      300.974
      299.908
      297.264
      291.732
      339.945
      336.324
      314.522
      308.058
      302.379
      299.796
      305.810
      327.691
      300.386
      310.218
      332.565
      315.635
      324.669
      299.312
      328.115
      334.535
      354.368
      325.706
      314.789
      306.746
      308.259
      301.614
      319.991
      344.934
      332.371
      314.350
      344.148
      328.918
      316.533
      312.826
      306.550
      326.023
      322.875
      327.424
      341.440
      315.877
      335.115
      330.556
      331.172
      319.880
      311.266
      311.791
      315.651
      359.553
      342.408
      320.053
      305.299
      349.215
      350.743
      360.935
      360.135
      320.014
      314.260
      350.370
      344.031
      379.251
      346.454
      383.626
      350.786
      312.123
      376.420
      339.573
      338.024
      323.663
      311.142
      350.407
      344.687
      356.723
      344.070
      354.585
      341.781
      350.639
      348.847
      345.566
