X-values

      0.00000000
       2.1300000
       4.2700000
       6.4000000
       8.5400000
       10.680000
       12.810000
       14.950000
       17.090000
       19.220000
       21.360000
       23.490000
       25.630000
       27.770000
       29.900000
       32.040000
       34.170000
       36.310000
       38.450000
       40.580000
       42.720000
       44.860000
       46.990000
       49.130000
       51.260000
       53.400000
       55.540000
       57.670000
       59.810000
       61.940000
       64.080000
       66.220000
       68.350000
       70.490000
       72.620000
       74.760000
       76.900000
       79.030000
       81.170000
       83.310000
       85.440000
       87.580000
       89.710000
       91.850000
       93.990000
       96.120000
       98.260000
       100.40000
       102.53000
       104.67000
       106.80000
       108.94000
       111.08000
       113.21000
       115.35000
       117.48000
       119.62000
       121.76000
       123.89000
       126.03000
       128.16000
       130.30000
       132.44000
       134.57000
       136.71000
       138.85000
       140.98000
       143.12000
       145.25000
       147.39000
       149.53000
       151.66000
       153.80000
       155.94000
       158.07000
       160.21000
       162.34000
       164.48000
       166.61000
       168.75000
       170.89000
       173.02000
       175.16000
       177.30000
       179.43000
       181.57000
       183.71000
       185.84000
       187.98000
       190.11000
       192.25000
       194.38000
       196.52000
       198.66000
       200.79000
       202.93000
       205.07000
       207.20000
       209.34000
       211.47000
       213.61000
       215.75000
       217.88000
       220.02000
       222.16000
       224.29000
       226.43000
       228.56000
       230.70000
       232.84000
       234.97000
       237.11000
       239.25000
       241.38000
       243.52000
       245.65000
       247.79000
       249.92000
       252.06000
       254.20000
       256.33000
       258.47000
       260.61000
       262.74000
       264.88000

Y-values

      443.590
      329.681
      402.063
      309.393
      454.368
      565.529
      374.695
      392.869
      538.161
      402.696
      431.227
      448.450
      335.915
      435.453
      449.190
      417.384
      433.129
      460.391
      437.038
      441.371
      427.951
      638.968
      417.173
      463.032
      361.486
      567.008
      768.621
      1175.97
      1593.25
      1748.79
      1917.85
      1719.20
      1604.34
      1522.66
      1424.07
      1216.33
      1087.84
      1255.32
      1068.71
      1127.15
      1089.43
      1148.60
      1076.75
      1137.61
      1035.85
      1068.08
      1065.23
      1156.95
      1287.23
      1130.85
      1167.51
      1026.34
      1040.92
      1048.22
      941.915
      1060.37
      957.342
      966.324
      883.903
      997.284
      967.909
      958.293
      996.333
      907.467
      916.026
      926.804
      917.189
      954.066
      897.746
      824.307
      905.777
      972.981
      994.748
      856.747
      823.251
      825.047
      823.356
      886.651
      890.455
      739.985
      869.110
      777.286
      872.174
      768.515
      802.434
      804.548
      793.030
      837.304
      871.752
      809.408
      702.368
      799.476
      803.808
      868.370
      856.324
      739.668
      777.708
      860.551
      777.391
      816.277
      920.887
      747.487
      754.039
      810.782
      818.284
      787.430
      743.578
      824.941
      739.140
      824.624
      771.791
      705.643
      775.278
      800.955
      799.793
      759.534
      817.228
      808.986
      753.088
      732.060
      690.110
      735.653
      751.820
      728.890
      836.248
