X-values

      0.00000000
       2.1300000
       4.2700000
       6.4000000
       8.5400000
       10.680000
       12.810000
       14.950000
       17.080000
       19.220000
       21.360000
       23.490000
       25.630000
       27.770000
       29.900000
       32.040000
       34.170000
       36.310000
       38.450000
       40.580000
       42.720000
       44.850000
       46.990000
       49.130000
       51.260000
       53.400000
       55.540000
       57.670000
       59.810000
       61.940000
       64.080000
       66.220000
       68.350000
       70.490000
       72.620000
       74.760000
       76.900000
       79.030000
       81.170000
       83.300000
       85.440000
       87.580000
       89.710000
       91.850000
       93.980000
       96.120000
       98.260000
       100.39000
       102.53000
       104.67000
       106.80000
       108.94000
       111.08000
       113.21000
       115.35000
       117.48000
       119.62000
       121.76000
       123.89000
       126.03000
       128.16000
       130.30000
       132.44000
       134.57000
       136.71000
       138.84000
       140.98000
       143.12000
       145.25000
       147.39000
       149.52000
       151.66000
       153.80000
       155.93000
       158.07000
       160.21000
       162.34000
       164.48000
       166.61000
       168.75000
       170.89000
       173.02000
       175.16000
       177.30000
       179.43000
       181.57000
       183.70000
       185.84000
       187.98000
       190.11000
       192.25000
       194.38000
       196.52000
       198.66000
       200.79000
       202.93000
       205.07000
       207.20000
       209.34000
       211.47000
       213.61000
       215.75000
       217.88000
       220.02000
       222.15000
       224.29000
       226.43000
       228.56000
       230.70000
       232.83000
       234.97000
       237.11000
       239.24000
       241.38000
       243.52000
       245.65000
       247.79000
       249.92000
       252.06000
       254.20000
       256.33000
       258.47000
       260.60000
       262.74000
       264.88000

Y-values

      306.934
      283.429
      278.035
      341.057
      268.042
      290.469
      371.262
      317.438
      335.777
      283.485
      513.374
      450.011
      1488.68
      2428.62
      3070.65
      3149.17
      2736.18
      2393.19
      1846.88
      1477.67
      1309.44
      993.249
      848.015
      943.513
      882.932
      758.251
      906.154
      992.681
      1020.62
      998.359
      1039.12
      1055.82
      990.921
      1014.71
      951.802
      964.577
      987.401
      988.082
      1033.11
      1003.47
      954.811
      998.927
      979.169
      1032.88
      1000.35
      923.755
      957.139
      972.582
      980.872
      939.709
      929.432
      934.656
      897.637
      901.157
      871.634
      915.465
      874.132
      886.169
      883.273
      860.165
      835.524
      865.786
      837.965
      821.897
      835.751
      857.326
      823.714
      830.641
      821.727
      807.987
      800.833
      767.108
      802.877
      818.548
      778.009
      814.119
      789.024
      825.020
      741.048
      793.452
      807.703
      887.815
      836.489
      791.692
      806.057
      840.974
      771.821
      804.410
      744.908
      803.388
      673.824
      784.368
      682.908
      750.189
      761.601
      846.993
      757.626
      839.328
      633.570
      776.363
      727.648
      757.967
      753.993
      723.731
      728.897
      797.881
      962.817
      752.914
      789.308
      776.874
      754.163
      754.106
      716.236
      757.740
      763.815
      742.297
      737.244
      750.700
      712.489
      723.560
      683.079
      721.800
      784.936
      704.029
      740.139
