X-values

      0.00000000
       2.1300001
       4.2600002
       6.3900003
       8.5200005
       10.650001
       12.780001
       14.910001
       17.040001
       19.170001
       21.300001
       23.430001
       25.560001
       27.690001
       29.820002
       31.950002
       34.080002
       36.210002
       38.340002
       40.470002
       42.600002
       44.730002
       46.860003
       48.990003
       51.120003
       53.250003
       55.380003
       57.510003
       59.640003
       61.770003
       63.900003
       66.030004
       68.160004
       70.290004
       72.420004
       74.550004
       76.680004
       78.810004
       80.940004
       83.070004
       85.200005
       87.330005
       89.460005
       91.590005
       93.720005
       95.850005
       97.980005
       100.11001
       102.24001
       104.37001
       106.50001
       108.63001
       110.76001
       112.89001
       115.02001
       117.15001
       119.28001
       121.41001
       123.54001
       125.67001
       127.80001
       129.93001
       132.06001
       134.19001
       136.32001
       138.45001
       140.58001
       142.71001
       144.84001
       146.97001
       149.10001
       151.23001
       153.36001
       155.49001
       157.62001
       159.75001
       161.88001
       164.01001
       166.14001
       168.27001
       170.40001
       172.53001
       174.66001
       176.79001
       178.92001
       181.05001
       183.18001
       185.31001
       187.44001
       189.57001
       191.70001
       193.83001
       195.96001
       198.09001
       200.22001
       202.35001
       204.48001
       206.61001
       208.74001
       210.87001
       213.00001
       215.13001
       217.26001
       219.39001
       221.52001
       223.65001
       225.78001
       227.91001
       230.04001
       232.17001
       234.30001
       236.43001
       238.56001
       240.69001
       242.82001
       244.95001
       247.08001
       249.21001
       251.34001
       253.47001
       255.60001
       257.73001
       259.86001
       261.99001
       264.12001

Y-values

      176.457
      175.528
      162.169
      160.504
      128.434
      153.602
      171.030
      119.761
      179.907
      130.420
      191.260
      129.082
      311.477
      152.166
      242.344
      315.194
      317.460
      392.117
      397.022
      357.855
      355.991
      423.818
      396.438
      330.334
      449.587
      317.251
      313.886
      362.464
      368.005
      380.522
      290.972
      314.151
      292.445
      302.269
      306.948
      482.908
      344.954
      321.302
      390.028
      299.291
      302.393
      325.253
      316.166
      328.838
      301.596
      318.848
      245.407
      355.163
      469.561
      282.689
      362.005
      303.774
      334.230
      376.526
      361.857
      365.084
      382.894
      375.486
      350.573
      363.205
      294.066
      370.441
      305.472
      273.153
      314.479
      315.034
      364.826
      323.430
      326.528
      351.927
      357.044
      542.829
      315.067
      384.138
      461.436
      262.799
      466.505
      376.189
      477.185
      322.290
      359.085
      310.487
      311.642
      359.404
      399.552
      371.930
      337.745
      370.421
      275.129
      324.038
      349.678
      436.991
      386.763
      359.587
      426.463
      321.296
      341.274
      429.573
      376.388
      352.799
      417.228
      330.855
      310.248
      386.380
      354.007
      409.342
      335.235
      394.091
      363.511
      337.623
      319.974
      313.348
      342.789
      368.855
      342.668
      464.523
      334.176
      343.839
      354.037
      318.048
      347.997
      382.974
      462.162
      269.618
      340.729
