X-values

      0.00000000
       2.1300000
       4.2700000
       6.4000000
       8.5400000
       10.680000
       12.810000
       14.950000
       17.080000
       19.220000
       21.360000
       23.490000
       25.630000
       27.770000
       29.900000
       32.040000
       34.170000
       36.310000
       38.450000
       40.580000
       42.720000
       44.850000
       46.990000
       49.130000
       51.260000
       53.400000
       55.540000
       57.670000
       59.810000
       61.940000
       64.080000
       66.220000
       68.350000
       70.490000
       72.620000
       74.760000
       76.900000
       79.030000
       81.170000
       83.300000
       85.440000
       87.580000
       89.710000
       91.850000
       93.980000
       96.120000
       98.260000
       100.39000
       102.53000
       104.67000
       106.80000
       108.94000
       111.08000
       113.21000
       115.35000
       117.48000
       119.62000
       121.76000
       123.89000
       126.03000
       128.16000
       130.30000
       132.44000
       134.57000
       136.71000
       138.84000
       140.98000
       143.12000
       145.25000
       147.39000
       149.52000
       151.66000
       153.80000
       155.93000
       158.07000
       160.21000
       162.34000
       164.48000
       166.61000
       168.75000
       170.89000
       173.02000
       175.16000
       177.30000
       179.43000
       181.57000
       183.70000
       185.84000
       187.98000
       190.11000
       192.25000
       194.38000
       196.52000
       198.66000
       200.79000
       202.93000
       205.07000
       207.20000
       209.34000
       211.47000
       213.61000
       215.75000
       217.88000
       220.02000
       222.15000
       224.29000
       226.43000
       228.56000
       230.70000
       232.83000
       234.97000
       237.11000
       239.24000
       241.38000
       243.52000
       245.65000
       247.79000
       249.92000
       252.06000
       254.20000
       256.33000
       258.47000
       260.60000
       262.74000
       264.88000

Y-values

      255.819
      228.346
      246.420
      265.263
      215.618
      264.797
      229.749
      242.193
      258.951
      213.197
      284.438
      271.922
      303.440
      441.119
      537.663
      541.765
      569.386
      599.207
      488.987
      509.385
      510.414
      456.542
      484.590
      477.117
      449.392
      434.977
      427.268
      428.793
      460.843
      450.296
      392.413
      421.910
      446.413
      420.911
      429.256
      448.216
      398.988
      419.411
      428.436
      403.690
      438.527
      462.483
      435.025
      429.129
      414.072
      441.914
      456.077
      406.729
      436.170
      455.738
      429.477
      434.576
      466.402
      410.300
      419.213
      464.053
      487.497
      447.459
      464.979
      453.740
      478.689
      447.961
      470.244
      427.895
      468.897
      461.855
      500.744
      423.471
      425.689
      484.734
      495.509
      453.674
      480.254
      428.079
      503.606
      516.347
      468.013
      461.208
      482.968
      470.456
      489.613
      479.041
      477.197
      478.173
      517.339
      468.167
      556.402
      460.790
      481.858
      441.719
      480.659
      481.781
      474.505
      479.148
      485.715
      505.418
      479.816
      492.864
      484.791
      475.339
      483.961
      518.718
      486.678
      461.336
      485.044
      491.651
      459.789
      474.485
      467.400
      512.122
      487.651
      464.936
      483.510
      464.172
      518.002
      466.244
      471.061
      441.124
      470.494
      487.581
      473.333
      473.719
      483.817
      474.673
      492.052
