X-values

      0.00000000
       2.1300001
       4.2600002
       6.3900003
       8.5200005
       10.650001
       12.780001
       14.910001
       17.040001
       19.170001
       21.300001
       23.430001
       25.560001
       27.690001
       29.820002
       31.950002
       34.080002
       36.210002
       38.340002
       40.470002
       42.600002
       44.730002
       46.860003
       48.990003
       51.120003
       53.250003
       55.380003
       57.510003
       59.640003
       61.770003
       63.900003
       66.030004
       68.160004
       70.290004
       72.420004
       74.550004
       76.680004
       78.810004
       80.940004
       83.070004
       85.200005
       87.330005
       89.460005
       91.590005
       93.720005
       95.850005
       97.980005
       100.11001
       102.24001
       104.37001
       106.50001
       108.63001
       110.76001
       112.89001
       115.02001
       117.15001
       119.28001
       121.41001
       123.54001
       125.67001
       127.80001
       129.93001
       132.06001
       134.19001
       136.32001
       138.45001
       140.58001
       142.71001
       144.84001
       146.97001
       149.10001
       151.23001
       153.36001
       155.49001
       157.62001
       159.75001
       161.88001
       164.01001
       166.14001
       168.27001
       170.40001
       172.53001
       174.66001
       176.79001
       178.92001
       181.05001
       183.18001
       185.31001
       187.44001
       189.57001
       191.70001
       193.83001
       195.96001
       198.09001
       200.22001
       202.35001
       204.48001
       206.61001
       208.74001
       210.87001
       213.00001
       215.13001
       217.26001
       219.39001
       221.52001
       223.65001
       225.78001
       227.91001
       230.04001
       232.17001
       234.30001
       236.43001
       238.56001
       240.69001
       242.82001
       244.95001
       247.08001
       249.21001
       251.34001
       253.47001
       255.60001
       257.73001
       259.86001
       261.99001
       264.12001

Y-values

      286.000
      277.815
      255.407
      246.444
      280.852
      246.000
      264.333
      264.222
      306.407
      215.222
      360.704
      331.037
      925.222
      1738.78
      1816.74
      1753.07
      1338.37
      862.370
      609.667
      463.037
      438.778
      410.481
      482.074
      455.630
      519.926
      647.630
      597.148
      641.370
      626.074
      573.815
      576.444
      508.815
      515.222
      563.852
      557.815
      460.815
      527.852
      542.482
      533.370
      612.926
      556.926
      661.741
      579.259
      533.407
      668.296
      566.667
      565.889
      572.630
      567.593
      581.630
      538.000
      537.667
      493.519
      537.815
      509.111
      459.889
      525.259
      490.407
      573.259
      449.926
      465.000
      506.704
      491.370
      492.370
      527.037
      532.259
      459.000
      504.704
      454.407
      504.852
      450.593
      522.074
      496.630
      424.630
      460.444
      482.074
      481.815
      461.296
      490.963
      512.444
      405.222
      444.296
      474.926
      500.444
      451.926
      391.333
      454.222
      478.481
      485.519
      487.704
      422.333
      421.741
      510.926
      486.407
      477.370
      452.852
      460.556
      511.444
      531.444
      425.296
      431.926
      479.333
      309.852
      471.296
      443.407
      417.481
      458.926
      478.704
      512.741
      403.593
      483.148
      465.852
      408.852
      492.000
      411.926
      481.667
      481.370
      426.741
      453.667
      396.074
      428.296
      427.889
      450.148
      439.222
      458.222
