X-values

      0.00000000
       2.1300001
       4.2600002
       6.3900003
       8.5200005
       10.650001
       12.780001
       14.910001
       17.040001
       19.170001
       21.300001
       23.430001
       25.560001
       27.690001
       29.820002
       31.950002
       34.080002
       36.210002
       38.340002
       40.470002
       42.600002
       44.730002
       46.860003
       48.990003
       51.120003
       53.250003
       55.380003
       57.510003
       59.640003
       61.770003
       63.900003
       66.030004
       68.160004
       70.290004
       72.420004
       74.550004
       76.680004
       78.810004
       80.940004
       83.070004
       85.200005
       87.330005
       89.460005
       91.590005
       93.720005
       95.850005
       97.980005
       100.11001
       102.24001
       104.37001
       106.50001
       108.63001
       110.76001
       112.89001
       115.02001
       117.15001
       119.28001
       121.41001
       123.54001
       125.67001
       127.80001
       129.93001
       132.06001
       134.19001
       136.32001
       138.45001
       140.58001
       142.71001
       144.84001
       146.97001
       149.10001
       151.23001
       153.36001
       155.49001
       157.62001
       159.75001
       161.88001
       164.01001
       166.14001
       168.27001
       170.40001
       172.53001
       174.66001
       176.79001
       178.92001
       181.05001
       183.18001
       185.31001
       187.44001
       189.57001
       191.70001
       193.83001
       195.96001
       198.09001
       200.22001
       202.35001
       204.48001
       206.61001
       208.74001
       210.87001
       213.00001
       215.13001
       217.26001
       219.39001
       221.52001
       223.65001
       225.78001
       227.91001
       230.04001
       232.17001
       234.30001
       236.43001
       238.56001
       240.69001
       242.82001
       244.95001
       247.08001
       249.21001
       251.34001
       253.47001
       255.60001
       257.73001
       259.86001
       261.99001
       264.12001

Y-values

      211.870
      131.554
      162.358
      168.255
      148.668
      137.025
      153.491
      177.791
      150.330
      181.045
      163.666
      176.763
      143.145
      155.667
      161.488
      176.929
      156.476
      188.739
      178.271
      255.029
      216.948
      280.923
      266.107
      311.002
      295.506
      325.684
      278.057
      331.587
      281.633
      321.849
      308.360
      276.350
      308.194
      382.268
      287.541
      363.480
      303.587
      314.365
      295.013
      311.657
      280.673
      322.864
      325.295
      303.994
      319.084
      295.527
      310.440
      331.007
      299.248
      300.264
      341.701
      289.942
      346.607
      303.529
      350.576
      299.413
      324.280
      383.727
      319.346
      321.556
      317.511
      322.209
      333.199
      309.202
      305.197
      329.438
      305.788
      330.414
      308.254
      343.309
      315.098
      339.071
      371.782
      307.746
      337.847
      338.915
      347.289
      344.301
      325.676
      314.782
      326.460
      379.356
      303.615
      368.549
      342.024
      334.610
      313.865
      350.671
      327.016
      298.225
      326.473
      351.562
      328.249
      313.184
      348.911
      352.901
      349.865
      313.718
      322.548
      351.204
      335.632
      336.608
      342.900
      381.149
      337.302
      328.863
      346.098
      334.251
      345.886
      337.394
      306.298
      337.857
      341.958
      376.557
      306.132
      337.918
      335.491
      344.550
      346.045
      346.587
      339.330
      336.736
      332.325
      335.241
      331.773
