X-values

      0.00000000
       2.1300001
       4.2600002
       6.3900003
       8.5200005
       10.650001
       12.780001
       14.910001
       17.040001
       19.170001
       21.300001
       23.430001
       25.560001
       27.690001
       29.820002
       31.950002
       34.080002
       36.210002
       38.340002
       40.470002
       42.600002
       44.730002
       46.860003
       48.990003
       51.120003
       53.250003
       55.380003
       57.510003
       59.640003
       61.770003
       63.900003
       66.030004
       68.160004
       70.290004
       72.420004
       74.550004
       76.680004
       78.810004
       80.940004
       83.070004
       85.200005
       87.330005
       89.460005
       91.590005
       93.720005
       95.850005
       97.980005
       100.11001
       102.24001
       104.37001
       106.50001
       108.63001
       110.76001
       112.89001
       115.02001
       117.15001
       119.28001
       121.41001
       123.54001
       125.67001
       127.80001
       129.93001
       132.06001
       134.19001
       136.32001
       138.45001
       140.58001
       142.71001
       144.84001
       146.97001
       149.10001
       151.23001
       153.36001
       155.49001
       157.62001
       159.75001
       161.88001
       164.01001
       166.14001
       168.27001
       170.40001
       172.53001
       174.66001
       176.79001
       178.92001
       181.05001
       183.18001
       185.31001
       187.44001
       189.57001
       191.70001
       193.83001
       195.96001
       198.09001
       200.22001
       202.35001
       204.48001
       206.61001
       208.74001
       210.87001
       213.00001
       215.13001
       217.26001
       219.39001
       221.52001
       223.65001
       225.78001
       227.91001
       230.04001
       232.17001
       234.30001
       236.43001
       238.56001
       240.69001
       242.82001
       244.95001
       247.08001
       249.21001
       251.34001
       253.47001
       255.60001
       257.73001
       259.86001
       261.99001
       264.12001

Y-values

      115.123
      137.441
      108.485
      126.750
      105.941
      111.492
      137.341
      172.883
      109.059
      143.728
      151.196
      115.761
      134.466
      121.202
      152.894
      207.442
      205.511
      265.973
      299.462
      265.062
      293.011
      297.811
      250.234
      267.126
      235.423
      260.185
      255.342
      243.181
      271.713
      248.936
      242.844
      274.730
      260.346
      263.922
      269.518
      242.734
      284.349
      274.905
      275.220
      282.993
      303.657
      283.230
      288.166
      267.504
      293.799
      276.761
      277.681
      258.724
      290.445
      299.167
      281.956
      307.968
      287.886
      301.561
      316.098
      286.519
      311.401
      271.149
      295.159
      309.004
      296.586
      309.083
      306.977
      282.830
      312.976
      303.028
      293.742
      305.368
      301.969
      299.704
      274.237
      301.141
      306.844
      285.444
      303.967
      330.016
      295.417
      306.615
      275.307
      301.721
      350.118
      282.078
      297.301
      275.707
      288.669
      328.379
      288.371
      292.813
      280.064
      295.680
      288.933
      279.120
      291.720
      326.464
      276.130
      305.556
      264.362
      303.296
      338.886
      287.866
      288.981
      282.650
      274.619
      287.457
      267.198
      297.042
      298.048
      251.119
      267.936
      277.151
      266.174
      264.421
      276.491
      276.698
      289.324
      308.710
      267.054
      285.199
      267.321
      280.487
      249.356
      292.361
      257.877
      283.310
      332.434
