X-values

      0.00000000
       2.1300000
       4.2700000
       6.4000000
       8.5400000
       10.680000
       12.810000
       14.950000
       17.080000
       19.220000
       21.360000
       23.490000
       25.630000
       27.770000
       29.900000
       32.040000
       34.170000
       36.310000
       38.450000
       40.580000
       42.720000
       44.850000
       46.990000
       49.130000
       51.260000
       53.400000
       55.540000
       57.670000
       59.810000
       61.940000
       64.080000
       66.220000
       68.350000
       70.490000
       72.620000
       74.760000
       76.900000
       79.030000
       81.170000
       83.300000
       85.440000
       87.580000
       89.710000
       91.850000
       93.980000
       96.120000
       98.260000
       100.39000
       102.53000
       104.67000
       106.80000
       108.94000
       111.08000
       113.21000
       115.35000
       117.48000
       119.62000
       121.76000
       123.89000
       126.03000
       128.16000
       130.30000
       132.44000
       134.57000
       136.71000
       138.84000
       140.98000
       143.12000
       145.25000
       147.39000
       149.52000
       151.66000
       153.80000
       155.93000
       158.07000
       160.21000
       162.34000
       164.48000
       166.61000
       168.75000
       170.89000
       173.02000
       175.16000
       177.30000
       179.43000
       181.57000
       183.70000
       185.84000
       187.98000
       190.11000
       192.25000
       194.38000
       196.52000
       198.66000
       200.79000
       202.93000
       205.07000
       207.20000
       209.34000
       211.47000
       213.61000
       215.75000
       217.88000
       220.02000
       222.15000
       224.29000
       226.43000
       228.56000
       230.70000
       232.83000
       234.97000
       237.11000
       239.24000
       241.38000
       243.52000
       245.65000
       247.79000
       249.92000
       252.06000
       254.20000
       256.33000
       258.47000
       260.60000
       262.74000
       264.88000

Y-values

      318.033
      320.108
      346.178
      286.265
      276.264
      294.303
      333.926
      277.002
      291.484
      371.408
      269.655
      338.126
      438.779
      558.659
      730.096
      736.511
      737.722
      723.370
      667.249
      663.245
      633.983
      615.284
      612.422
      660.578
      601.622
      617.700
      623.657
      691.015
      685.921
      619.003
      624.451
      616.257
      590.243
      712.190
      637.983
      624.386
      606.839
      690.983
      652.558
      639.957
      653.437
      661.442
      662.749
      651.431
      642.265
      651.843
      685.466
      622.018
      638.018
      651.467
      677.132
      731.303
      666.204
      653.719
      669.929
      685.894
      717.897
      648.850
      662.206
      674.783
      653.194
      726.779
      671.828
      656.876
      666.508
      705.767
      664.782
      661.141
      671.613
      681.703
      660.758
      643.449
      661.304
      766.726
      640.979
      659.306
      676.094
      705.817
      678.042
      672.913
      658.131
      699.964
      669.016
      666.309
      691.882
      745.737
      670.482
      670.215
      668.084
      709.753
      652.644
      668.367
      667.159
      660.027
      656.499
      700.436
      649.718
      652.421
      657.414
      665.273
      731.127
      638.291
      653.502
      650.895
      644.444
      649.037
      683.863
      714.869
      619.757
      647.874
      653.128
      643.631
      665.689
      672.436
      711.887
      646.221
      647.005
      647.533
      643.577
      680.775
      718.444
      639.597
      635.646
      638.287
      631.772
