X-values

      0.00000000
       2.1300001
       4.2600002
       6.3900003
       8.5200005
       10.650001
       12.780001
       14.910001
       17.040001
       19.170001
       21.300001
       23.430001
       25.560001
       27.690001
       29.820002
       31.950002
       34.080002
       36.210002
       38.340002
       40.470002
       42.600002
       44.730002
       46.860003
       48.990003
       51.120003
       53.250003
       55.380003
       57.510003
       59.640003
       61.770003
       63.900003
       66.030004
       68.160004
       70.290004
       72.420004
       74.550004
       76.680004
       78.810004
       80.940004
       83.070004
       85.200005
       87.330005
       89.460005
       91.590005
       93.720005
       95.850005
       97.980005
       100.11001
       102.24001
       104.37001
       106.50001
       108.63001
       110.76001
       112.89001
       115.02001
       117.15001
       119.28001
       121.41001
       123.54001
       125.67001
       127.80001
       129.93001
       132.06001
       134.19001
       136.32001
       138.45001
       140.58001
       142.71001
       144.84001
       146.97001
       149.10001
       151.23001
       153.36001
       155.49001
       157.62001
       159.75001
       161.88001
       164.01001
       166.14001
       168.27001
       170.40001
       172.53001
       174.66001
       176.79001
       178.92001
       181.05001
       183.18001
       185.31001
       187.44001
       189.57001
       191.70001
       193.83001
       195.96001
       198.09001
       200.22001
       202.35001
       204.48001
       206.61001
       208.74001
       210.87001
       213.00001
       215.13001
       217.26001
       219.39001
       221.52001
       223.65001
       225.78001
       227.91001
       230.04001
       232.17001
       234.30001
       236.43001
       238.56001
       240.69001
       242.82001
       244.95001
       247.08001
       249.21001
       251.34001
       253.47001
       255.60001
       257.73001
       259.86001
       261.99001
       264.12001

Y-values

      144.452
      150.107
      132.975
      134.268
      146.619
      129.572
      129.412
      139.844
      131.282
      131.872
      152.784
      132.203
      161.773
      229.932
      265.905
      309.473
      333.502
      312.806
      313.851
      305.630
      292.978
      287.128
      274.612
      287.384
      291.897
      292.939
      302.302
      287.102
      294.995
      303.761
      292.561
      303.307
      305.663
      299.591
      316.177
      325.863
      307.191
      314.570
      326.204
      315.196
      317.292
      323.348
      330.829
      317.710
      324.827
      336.973
      324.218
      324.199
      342.086
      353.980
      335.423
      343.592
      339.224
      336.143
      335.256
      348.835
      334.017
      349.885
      345.178
      346.815
      355.839
      352.715
      338.984
      352.468
      349.070
      346.587
      344.184
      337.688
      351.129
      331.155
      348.245
      360.958
      357.028
      344.032
      360.913
      345.262
      328.317
      347.740
      342.252
      350.684
      347.987
      340.244
      345.152
      331.249
      347.384
      333.376
      342.403
      324.508
      343.377
      339.389
      326.438
      339.075
      333.703
      341.388
      333.361
      330.627
      338.407
      325.265
      340.180
      324.315
      326.211
      337.511
      323.157
      331.574
      338.163
      317.512
      323.475
      338.681
      313.016
      320.277
      326.585
      322.812
      327.939
      315.345
      322.190
      330.784
      318.855
      321.744
      321.341
      308.031
      318.973
      321.985
      320.666
      322.288
      312.219
