X-values

      0.00000000
       2.1300001
       4.2600002
       6.3900003
       8.5200004
       10.650001
       12.780001
       14.910001
       17.040001
       19.170001
       21.300001
       23.430001
       25.560001
       27.690001
       29.820001
       31.950002
       34.080002
       36.210002
       38.340002
       40.470002
       42.600002
       44.730002
       46.860002
       48.990002
       51.120002
       53.250003
       55.380003
       57.510003
       59.640003
       61.770003
       63.900003
       66.030003
       68.160003
       70.290003
       72.420003
       74.550004
       76.680004
       78.810004
       80.940004
       83.070004
       85.200004
       87.330004
       89.460004
       91.590004
       93.720004
       95.850005
       97.980005
       100.11000
       102.24000
       104.37000
       106.50001
       108.63001
       110.76001
       112.89001
       115.02001
       117.15001
       119.28001
       121.41001
       123.54001
       125.67001
       127.80001
       129.93001
       132.06001
       134.19001
       136.32001
       138.45001
       140.58001
       142.71001
       144.84001
       146.97001
       149.10001
       151.23001
       153.36001
       155.49001
       157.62001
       159.75001
       161.88001
       164.01001
       166.14001
       168.27001
       170.40001
       172.53001
       174.66001
       176.79001
       178.92001
       181.05001
       183.18001
       185.31001
       187.44001
       189.57001
       191.70001
       193.83001
       195.96001
       198.09001
       200.22001
       202.35001
       204.48001
       206.61001
       208.74001
       210.87001
       213.00001
       215.13001
       217.26001
       219.39001
       221.52001
       223.65001
       225.78001
       227.91001
       230.04001
       232.17001
       234.30001
       236.43001
       238.56001
       240.69001
       242.82001
       244.95001
       247.08001
       249.21001
       251.34001
       253.47001
       255.60001
       257.73001
       259.86001
       261.99001
       264.12001

Y-values

      114.000
      200.400
      257.200
      200.800
      195.000
      184.400
      207.000
      220.000
      167.400
      185.200
      250.600
      224.200
      588.600
      1570.20
      1615.60
      1471.80
      1178.20
      862.200
      758.000
      712.600
      605.000
      592.800
      612.200
      653.000
      688.600
      646.400
      657.400
      697.200
      627.200
      599.400
      641.000
      641.400
      618.400
      710.000
      628.800
      591.400
      592.800
      591.400
      559.600
      522.600
      559.800
      564.800
      544.200
      520.600
      567.200
      542.600
      553.200
      524.000
      538.800
      476.000
      494.800
      533.000
      496.000
      507.200
      594.400
      526.400
      482.400
      514.600
      510.000
      488.000
      456.200
      512.200
      503.600
      486.200
      536.000
      497.000
      490.800
      495.400
      504.800
      439.200
      468.200
      489.800
      432.600
      484.800
      549.600
      464.800
      429.600
      468.600
      412.200
      446.800
      458.200
      447.600
      444.000
      460.000
      395.200
      460.600
      468.600
      420.400
      565.800
      431.200
      437.000
      423.800
      469.800
      417.000
      471.200
      452.600
      426.200
      442.800
      450.600
      434.400
      437.800
      465.200
      425.600
      406.000
      427.200
      423.400
      426.200
      404.200
      412.800
      405.400
      439.600
      381.800
      445.000
      433.600
      425.800
      406.000
      412.400
      385.000
      456.800
      444.400
      415.000
      421.200
      434.000
      452.800
      414.600
