X-values

      0.00000000
       2.1300001
       4.2600002
       6.3900003
       8.5200005
       10.650001
       12.780001
       14.910001
       17.040001
       19.170001
       21.300001
       23.430001
       25.560001
       27.690001
       29.820002
       31.950002
       34.080002
       36.210002
       38.340002
       40.470002
       42.600002
       44.730002
       46.860003
       48.990003
       51.120003
       53.250003
       55.380003
       57.510003
       59.640003
       61.770003
       63.900003
       66.030004
       68.160004
       70.290004
       72.420004
       74.550004
       76.680004
       78.810004
       80.940004
       83.070004
       85.200005
       87.330005
       89.460005
       91.590005
       93.720005
       95.850005
       97.980005
       100.11001
       102.24001
       104.37001
       106.50001
       108.63001
       110.76001
       112.89001
       115.02001
       117.15001
       119.28001
       121.41001
       123.54001
       125.67001
       127.80001
       129.93001
       132.06001
       134.19001
       136.32001
       138.45001
       140.58001
       142.71001
       144.84001
       146.97001
       149.10001
       151.23001
       153.36001
       155.49001
       157.62001
       159.75001
       161.88001
       164.01001
       166.14001
       168.27001
       170.40001
       172.53001
       174.66001
       176.79001
       178.92001
       181.05001
       183.18001
       185.31001
       187.44001
       189.57001
       191.70001
       193.83001
       195.96001
       198.09001
       200.22001
       202.35001
       204.48001
       206.61001
       208.74001
       210.87001
       213.00001
       215.13001
       217.26001
       219.39001
       221.52001
       223.65001
       225.78001
       227.91001
       230.04001
       232.17001
       234.30001
       236.43001
       238.56001
       240.69001
       242.82001
       244.95001
       247.08001
       249.21001
       251.34001
       253.47001
       255.60001
       257.73001
       259.86001
       261.99001
       264.12001

Y-values

      225.833
      194.833
      225.833
      209.333
      187.833
      184.167
      210.833
      190.667
      221.000
      187.000
      253.167
      475.500
      823.333
      1041.17
      1175.00
      1127.17
      1058.17
      896.667
      814.167
      756.333
      578.833
      483.667
      536.167
      531.833
      540.333
      562.667
      557.500
      578.833
      586.667
      564.333
      513.333
      527.000
      593.333
      485.333
      501.667
      491.500
      530.667
      493.333
      567.167
      495.000
      571.500
      497.500
      472.500
      494.333
      486.167
      481.167
      496.167
      418.500
      466.833
      495.167
      452.833
      441.500
      452.000
      476.333
      431.667
      363.333
      439.667
      501.667
      447.500
      438.167
      435.167
      444.000
      406.000
      437.167
      426.333
      425.333
      429.000
      471.667
      422.167
      452.000
      395.500
      460.500
      441.667
      440.000
      415.000
      421.333
      451.833
      412.333
      470.333
      420.333
      468.167
      400.500
      434.333
      401.000
      440.000
      383.167
      442.167
      419.833
      423.167
      377.667
      416.167
      408.000
      373.167
      380.667
      437.000
      409.333
      403.333
      385.500
      414.667
      361.667
      431.833
      387.667
      496.667
      408.667
      429.833
      370.500
      394.667
      398.000
      412.667
      377.833
      332.167
      383.667
      353.833
      383.167
      377.833
      395.333
      326.667
      381.500
      417.833
      379.167
      433.333
      369.000
      343.167
      383.000
      340.500
