X-values

      0.00000000
       2.1300001
       4.2600002
       6.3900003
       8.5200005
       10.650001
       12.780001
       14.910001
       17.040001
       19.170001
       21.300001
       23.430001
       25.560001
       27.690001
       29.820002
       31.950002
       34.080002
       36.210002
       38.340002
       40.470002
       42.600002
       44.730002
       46.860003
       48.990003
       51.120003
       53.250003
       55.380003
       57.510003
       59.640003
       61.770003
       63.900003
       66.030004
       68.160004
       70.290004
       72.420004
       74.550004
       76.680004
       78.810004
       80.940004
       83.070004
       85.200005
       87.330005
       89.460005
       91.590005
       93.720005
       95.850005
       97.980005
       100.11001
       102.24001
       104.37001
       106.50001
       108.63001
       110.76001
       112.89001
       115.02001
       117.15001
       119.28001
       121.41001
       123.54001
       125.67001
       127.80001
       129.93001
       132.06001
       134.19001
       136.32001
       138.45001
       140.58001
       142.71001
       144.84001
       146.97001
       149.10001
       151.23001
       153.36001
       155.49001
       157.62001
       159.75001
       161.88001
       164.01001
       166.14001
       168.27001
       170.40001
       172.53001
       174.66001
       176.79001
       178.92001
       181.05001
       183.18001
       185.31001
       187.44001
       189.57001
       191.70001
       193.83001
       195.96001
       198.09001
       200.22001
       202.35001
       204.48001
       206.61001
       208.74001
       210.87001
       213.00001
       215.13001
       217.26001
       219.39001
       221.52001
       223.65001
       225.78001
       227.91001
       230.04001
       232.17001
       234.30001
       236.43001
       238.56001
       240.69001
       242.82001
       244.95001
       247.08001
       249.21001
       251.34001
       253.47001
       255.60001
       257.73001
       259.86001
       261.99001
       264.12001

Y-values

      259.668
      245.039
      271.047
      231.154
      251.905
      230.533
      230.015
      264.687
      237.484
      310.715
      240.168
      379.438
      488.991
      592.626
      696.316
      759.516
      717.010
      669.163
      640.261
      632.902
      610.205
      650.282
      589.396
      550.443
      584.211
      550.748
      574.379
      614.099
      561.378
      579.112
      568.920
      663.085
      574.787
      624.104
      599.564
      664.388
      601.497
      619.470
      619.452
      650.280
      595.893
      664.924
      602.697
      669.187
      611.643
      666.062
      612.887
      645.071
      614.500
      661.002
      621.793
      646.219
      614.879
      660.352
      640.732
      638.590
      631.516
      616.492
      624.186
      699.980
      637.634
      616.114
      640.804
      641.177
      660.166
      648.295
      597.192
      661.345
      688.106
      647.238
      668.877
      676.733
      661.956
      675.851
      666.124
      765.016
      658.718
      737.741
      649.518
      669.453
      664.749
      674.562
      724.759
      659.053
      678.448
      656.847
      741.234
      665.249
      693.701
      654.849
      717.746
      658.955
      713.745
      654.766
      704.783
      657.088
      711.429
      656.484
      700.329
      660.700
      674.730
      656.259
      665.142
      665.298
      658.598
      752.049
      659.265
      668.374
      657.557
      588.237
      655.520
      664.133
      666.095
      706.106
      628.943
      672.191
      704.961
      683.692
      655.815
      643.229
      663.418
      640.111
      671.271
      643.538
      646.901
