X-values

      0.00000000
       2.1300001
       4.2600002
       6.3900003
       8.5200005
       10.650001
       12.780001
       14.910001
       17.040001
       19.170001
       21.300001
       23.430001
       25.560001
       27.690001
       29.820002
       31.950002
       34.080002
       36.210002
       38.340002
       40.470002
       42.600002
       44.730002
       46.860003
       48.990003
       51.120003
       53.250003
       55.380003
       57.510003
       59.640003
       61.770003
       63.900003
       66.030004
       68.160004
       70.290004
       72.420004
       74.550004
       76.680004
       78.810004
       80.940004
       83.070004
       85.200005
       87.330005
       89.460005
       91.590005
       93.720005
       95.850005
       97.980005
       100.11001
       102.24001
       104.37001
       106.50001
       108.63001
       110.76001
       112.89001
       115.02001
       117.15001
       119.28001
       121.41001
       123.54001
       125.67001
       127.80001
       129.93001
       132.06001
       134.19001
       136.32001
       138.45001
       140.58001
       142.71001
       144.84001
       146.97001
       149.10001
       151.23001
       153.36001
       155.49001
       157.62001
       159.75001
       161.88001
       164.01001
       166.14001
       168.27001
       170.40001
       172.53001
       174.66001
       176.79001
       178.92001
       181.05001
       183.18001
       185.31001
       187.44001
       189.57001
       191.70001
       193.83001
       195.96001
       198.09001
       200.22001
       202.35001
       204.48001
       206.61001
       208.74001
       210.87001
       213.00001
       215.13001
       217.26001
       219.39001
       221.52001
       223.65001
       225.78001
       227.91001
       230.04001
       232.17001
       234.30001
       236.43001
       238.56001
       240.69001
       242.82001
       244.95001
       247.08001
       249.21001
       251.34001
       253.47001
       255.60001
       257.73001
       259.86001
       261.99001
       264.12001

Y-values

      55.9669
      61.3287
      54.4557
      53.9537
      56.4281
      62.9954
      54.0580
      55.2073
      57.9249
      51.9810
      59.9141
      92.1245
      124.748
      168.899
      166.574
      183.816
      165.537
      171.158
      155.078
      149.001
      157.129
      156.026
      151.941
      158.721
      152.445
      160.580
      147.940
      152.493
      148.440
      142.649
      151.969
      151.606
      148.374
      164.469
      154.285
      151.516
      154.319
      148.312
      156.422
      167.249
      161.722
      157.482
      158.031
      168.322
      161.445
      161.853
      153.826
      161.418
      156.295
      165.739
      159.838
      189.035
      162.553
      166.700
      161.963
      165.211
      161.249
      169.569
      162.387
      164.990
      157.105
      166.244
      160.358
      159.719
      166.011
      161.595
      170.136
      156.548
      165.460
      160.873
      152.243
      165.633
      161.892
      165.040
      161.293
      169.690
      158.719
      154.024
      156.938
      179.033
      157.347
      156.116
      161.987
      160.190
      153.609
      165.537
      163.214
      159.878
      176.296
      159.427
      163.387
      156.624
      162.793
      159.615
      167.329
      170.197
      159.336
      169.845
      161.407
      168.464
      157.152
      164.538
      156.658
      164.963
      156.534
      159.937
      160.865
      158.551
      161.902
      167.431
      163.160
      166.335
      160.092
      155.614
      165.578
      154.681
      169.379
      155.304
      161.848
      159.545
      157.485
      160.270
      159.766
      153.925
      160.689
