X-values

      0.00000000
       2.1300001
       4.2600002
       6.3900003
       8.5200005
       10.650001
       12.780001
       14.910001
       17.040001
       19.170001
       21.300001
       23.430001
       25.560001
       27.690001
       29.820002
       31.950002
       34.080002
       36.210002
       38.340002
       40.470002
       42.600002
       44.730002
       46.860003
       48.990003
       51.120003
       53.250003
       55.380003
       57.510003
       59.640003
       61.770003
       63.900003
       66.030004
       68.160004
       70.290004
       72.420004
       74.550004
       76.680004
       78.810004
       80.940004
       83.070004
       85.200005
       87.330005
       89.460005
       91.590005
       93.720005
       95.850005
       97.980005
       100.11001
       102.24001
       104.37001
       106.50001
       108.63001
       110.76001
       112.89001
       115.02001
       117.15001
       119.28001
       121.41001
       123.54001
       125.67001
       127.80001
       129.93001
       132.06001
       134.19001
       136.32001
       138.45001
       140.58001
       142.71001
       144.84001
       146.97001
       149.10001
       151.23001
       153.36001
       155.49001
       157.62001
       159.75001
       161.88001
       164.01001
       166.14001
       168.27001
       170.40001
       172.53001
       174.66001
       176.79001
       178.92001
       181.05001
       183.18001
       185.31001
       187.44001
       189.57001
       191.70001
       193.83001
       195.96001
       198.09001
       200.22001
       202.35001
       204.48001
       206.61001
       208.74001
       210.87001
       213.00001
       215.13001
       217.26001
       219.39001
       221.52001
       223.65001
       225.78001
       227.91001
       230.04001
       232.17001
       234.30001
       236.43001
       238.56001
       240.69001
       242.82001
       244.95001
       247.08001
       249.21001
       251.34001
       253.47001
       255.60001
       257.73001
       259.86001
       261.99001
       264.12001

Y-values

      222.395
      224.714
      182.202
      184.071
      255.840
      141.234
      180.431
      246.141
      246.134
      225.240
      246.917
      162.352
      198.875
      246.387
      332.344
      461.998
      435.028
      526.659
      505.058
      507.865
      483.252
      393.385
      447.169
      460.019
      411.660
      430.008
      431.848
      379.021
      436.579
      495.732
      485.755
      371.586
      425.839
      451.305
      480.827
      446.715
      419.558
      450.362
      513.278
      420.908
      459.299
      497.208
      416.627
      456.421
      589.844
      388.782
      466.045
      413.882
      448.016
      514.232
      421.190
      472.811
      466.899
      449.960
      441.058
      478.888
      512.579
      499.723
      468.603
      466.563
      487.043
      485.069
      425.246
      463.012
      509.586
      452.661
      473.604
      501.865
      483.254
      461.764
      477.110
      496.978
      383.353
      452.349
      470.211
      505.504
      490.349
      477.278
      467.356
      470.325
      523.966
      431.604
      494.554
      410.080
      472.445
      529.932
      426.135
      462.898
      477.004
      477.590
      435.328
      464.216
      468.483
      490.974
      473.430
      459.406
      461.618
      443.387
      408.701
      553.030
      377.603
      448.260
      452.051
      378.688
      430.000
      467.473
      408.047
      459.247
      563.863
      401.719
      445.075
      447.601
      367.159
      420.324
      438.883
      484.967
      411.886
      459.298
      466.502
      384.739
      464.264
      493.374
      420.588
      472.624
      488.103
