X-values

      0.00000000
       2.1300001
       4.2600002
       6.3900003
       8.5200004
       10.650001
       12.780001
       14.910001
       17.040001
       19.170001
       21.300001
       23.430001
       25.560001
       27.690001
       29.820001
       31.950002
       34.080002
       36.210002
       38.340002
       40.470002
       42.600002
       44.730002
       46.860002
       48.990002
       51.120002
       53.250003
       55.380003
       57.510003
       59.640003
       61.770003
       63.900003
       66.030003
       68.160003
       70.290003
       72.420003
       74.550004
       76.680004
       78.810004
       80.940004
       83.070004
       85.200004
       87.330004
       89.460004
       91.590004
       93.720004
       95.850005
       97.980005
       100.11000
       102.24000
       104.37000
       106.50001
       108.63001
       110.76001
       112.89001
       115.02001
       117.15001
       119.28001
       121.41001
       123.54001
       125.67001
       127.80001
       129.93001
       132.06001
       134.19001
       136.32001
       138.45001
       140.58001
       142.71001
       144.84001
       146.97001
       149.10001
       151.23001
       153.36001
       155.49001
       157.62001
       159.75001
       161.88001
       164.01001
       166.14001
       168.27001
       170.40001
       172.53001
       174.66001
       176.79001
       178.92001
       181.05001
       183.18001
       185.31001
       187.44001
       189.57001
       191.70001
       193.83001
       195.96001
       198.09001
       200.22001
       202.35001
       204.48001
       206.61001
       208.74001
       210.87001
       213.00001
       215.13001
       217.26001
       219.39001
       221.52001
       223.65001
       225.78001
       227.91001
       230.04001
       232.17001
       234.30001
       236.43001
       238.56001
       240.69001
       242.82001
       244.95001
       247.08001
       249.21001
       251.34001
       253.47001
       255.60001
       257.73001
       259.86001
       261.99001
       264.12001

Y-values

      179.897
      160.872
      143.580
      161.422
      139.675
      161.957
      164.816
      205.694
      376.921
      226.485
      199.909
      176.270
      187.225
      168.085
      188.468
      193.292
      281.680
      478.772
      428.015
      447.784
      470.369
      503.661
      522.275
      774.220
      580.169
      536.482
      484.032
      687.229
      541.171
      505.300
      480.773
      476.928
      463.395
      450.859
      468.508
      574.049
      554.338
      511.115
      478.301
      692.505
      523.298
      483.740
      465.741
      491.657
      458.401
      472.827
      448.290
      450.420
      438.088
      441.038
      443.705
      531.386
      473.670
      479.790
      637.601
      595.368
      510.496
      423.476
      534.423
      473.031
      431.528
      480.869
      490.077
      590.353
      523.847
      490.947
      430.209
      508.425
      459.844
      457.308
      605.866
      482.683
      450.589
      567.470
      434.587
      453.750
      405.599
      403.534
      380.001
      360.887
      404.348
      561.624
      435.485
      380.587
      400.043
      389.053
      424.687
      402.285
      393.411
      396.540
      385.892
      496.906
      414.664
      475.415
      443.951
      490.343
      544.286
      439.564
      406.085
      411.617
      440.511
      457.223
      468.895
      443.946
      476.695
      431.712
      425.200
      431.123
      430.872
      595.113
      434.087
      431.011
      430.977
      475.633
      399.440
      366.776
      338.883
      372.462
      386.386
      473.387
      412.897
      371.628
      370.674
      378.928
      348.412
