X-values

      0.00000000
       2.1300000
       4.2700000
       6.4000000
       8.5400000
       10.680000
       12.810000
       14.950000
       17.090000
       19.220000
       21.360000
       23.490000
       25.630000
       27.770000
       29.900000
       32.040000
       34.170000
       36.310000
       38.450000
       40.580000
       42.720000
       44.860000
       46.990000
       49.130000
       51.260000
       53.400000
       55.540000
       57.670000
       59.810000
       61.940000
       64.080000
       66.220000
       68.350000
       70.490000
       72.620000
       74.760000
       76.900000
       79.030000
       81.170000
       83.310000
       85.440000
       87.580000
       89.710000
       91.850000
       93.990000
       96.120000
       98.260000
       100.40000
       102.53000
       104.67000
       106.80000
       108.94000
       111.08000
       113.21000
       115.35000
       117.48000
       119.62000
       121.76000
       123.89000
       126.03000
       128.16000
       130.30000
       132.44000
       134.57000
       136.71000
       138.85000
       140.98000
       143.12000
       145.25000
       147.39000
       149.53000
       151.66000
       153.80000
       155.94000
       158.07000
       160.21000
       162.34000
       164.48000
       166.61000
       168.75000
       170.89000
       173.02000
       175.16000
       177.30000
       179.43000
       181.57000
       183.71000
       185.84000
       187.98000
       190.11000
       192.25000
       194.38000
       196.52000
       198.66000
       200.79000
       202.93000
       205.07000
       207.20000
       209.34000
       211.47000
       213.61000
       215.75000
       217.88000
       220.02000
       222.16000
       224.29000
       226.43000
       228.56000
       230.70000
       232.84000
       234.97000
       237.11000
       239.25000
       241.38000
       243.52000
       245.65000
       247.79000
       249.92000
       252.06000
       254.20000
       256.33000
       258.47000
       260.61000
       262.74000
       264.88000

Y-values

      553.941
      216.265
      360.020
      472.253
      316.425
      423.944
      469.275
      326.389
      402.615
      444.561
      317.036
      359.389
      414.080
      465.984
      328.692
      475.410
      591.501
      479.290
      537.350
      597.302
      445.324
      506.638
      570.906
      434.714
      484.910
      620.197
      361.062
      461.444
      474.693
      541.266
      517.936
      501.661
      431.938
      526.174
      570.780
      448.143
      526.209
      461.362
      475.779
      524.939
      447.620
      459.948
      534.008
      643.813
      423.375
      508.464
      498.133
      557.795
      487.682
      539.690
      628.428
      372.272
      518.912
      608.302
      377.549
      504.007
      602.676
      654.725
      468.703
      566.284
      553.116
      572.566
      627.026
      690.521
      484.027
      523.868
      623.708
      781.728
      498.046
      562.226
      609.657
      505.249
      503.921
      661.433
      663.964
      560.885
      576.225
      587.849
      845.077
      559.021
      734.215
      512.665
      631.714
      617.846
      593.705
      522.229
      597.824
      585.474
      535.452
      675.872
      600.659
      573.879
      635.091
      766.581
      558.414
      630.212
      673.107
      570.280
      642.902
      748.156
      545.388
      632.547
      849.711
      783.683
      617.173
      648.435
      724.083
      690.378
      616.991
      657.430
      681.992
      723.230
      608.713
      604.245
      729.629
      620.780
      679.004
      722.402
      680.455
      715.786
      779.639
      582.450
      722.674
      725.268
      689.760
