X-values

      0.00000000
       2.1300000
       4.2700000
       6.4000000
       8.5400000
       10.680000
       12.810000
       14.950000
       17.080000
       19.220000
       21.360000
       23.490000
       25.630000
       27.770000
       29.900000
       32.040000
       34.170000
       36.310000
       38.450000
       40.580000
       42.720000
       44.850000
       46.990000
       49.130000
       51.260000
       53.400000
       55.540000
       57.670000
       59.810000
       61.940000
       64.080000
       66.220000
       68.350000
       70.490000
       72.620000
       74.760000
       76.900000
       79.030000
       81.170000
       83.300000
       85.440000
       87.580000
       89.710000
       91.850000
       93.980000
       96.120000
       98.260000
       100.39000
       102.53000
       104.67000
       106.80000
       108.94000
       111.08000
       113.21000
       115.35000
       117.48000
       119.62000
       121.76000
       123.89000
       126.03000
       128.16000
       130.30000
       132.44000
       134.57000
       136.71000
       138.84000
       140.98000
       143.12000
       145.25000
       147.39000
       149.52000
       151.66000
       153.80000
       155.93000
       158.07000
       160.21000
       162.34000
       164.48000
       166.61000
       168.75000
       170.89000
       173.02000
       175.16000
       177.30000
       179.43000
       181.57000
       183.70000
       185.84000
       187.98000
       190.11000
       192.25000
       194.38000
       196.52000
       198.66000
       200.79000
       202.93000
       205.07000
       207.20000
       209.34000
       211.47000
       213.61000
       215.75000
       217.88000
       220.02000
       222.15000
       224.29000
       226.43000
       228.56000
       230.70000
       232.83000
       234.97000
       237.11000
       239.24000
       241.38000
       243.52000
       245.65000
       247.79000
       249.92000
       252.06000
       254.20000
       256.33000
       258.47000
       260.60000
       262.74000
       264.88000

Y-values

      390.405
      315.822
      302.842
      275.926
      346.094
      289.586
      299.154
      352.491
      314.016
      297.252
      351.385
      314.716
      365.753
      500.200
      522.989
      613.913
      637.719
      572.429
      583.583
      578.523
      513.802
      534.895
      569.928
      537.905
      522.185
      553.997
      519.590
      528.540
      576.167
      526.892
      518.744
      548.002
      528.720
      520.688
      553.217
      539.780
      496.900
      548.888
      508.221
      498.611
      540.381
      547.599
      510.990
      513.356
      515.238
      539.334
      525.570
      502.271
      553.850
      538.719
      513.648
      558.708
      532.938
      501.414
      510.694
      550.859
      529.424
      557.486
      512.425
      562.522
      506.394
      566.898
      481.661
      553.853
      524.201
      550.127
      561.570
      520.056
      535.472
      543.699
      548.557
      553.559
      559.559
      532.767
      608.174
      522.280
      566.250
      572.341
      530.692
      563.341
      556.049
      519.208
      565.998
      580.288
      535.008
      565.529
      519.812
      565.476
      573.664
      543.088
      566.455
      545.626
      538.148
      585.898
      600.495
      540.298
      561.436
      584.990
      561.833
      563.483
      573.548
      551.172
      557.455
      572.499
      563.395
      573.585
      507.621
      568.583
      593.533
      539.602
      568.871
      541.666
      564.786
      587.592
      580.588
      556.575
      562.989
      516.177
      561.880
      592.762
      552.689
      552.930
      569.743
      589.922
      536.077
