X-values

      0.00000000
       2.1300001
       4.2600002
       6.3900003
       8.5200005
       10.650001
       12.780001
       14.910001
       17.040001
       19.170001
       21.300001
       23.430001
       25.560001
       27.690001
       29.820002
       31.950002
       34.080002
       36.210002
       38.340002
       40.470002
       42.600002
       44.730002
       46.860003
       48.990003
       51.120003
       53.250003
       55.380003
       57.510003
       59.640003
       61.770003
       63.900003
       66.030004
       68.160004
       70.290004
       72.420004
       74.550004
       76.680004
       78.810004
       80.940004
       83.070004
       85.200005
       87.330005
       89.460005
       91.590005
       93.720005
       95.850005
       97.980005
       100.11001
       102.24001
       104.37001
       106.50001
       108.63001
       110.76001
       112.89001
       115.02001
       117.15001
       119.28001
       121.41001
       123.54001
       125.67001
       127.80001
       129.93001
       132.06001
       134.19001
       136.32001
       138.45001
       140.58001
       142.71001
       144.84001
       146.97001
       149.10001
       151.23001
       153.36001
       155.49001
       157.62001
       159.75001
       161.88001
       164.01001
       166.14001
       168.27001
       170.40001
       172.53001
       174.66001
       176.79001
       178.92001
       181.05001
       183.18001
       185.31001
       187.44001
       189.57001
       191.70001
       193.83001
       195.96001
       198.09001
       200.22001
       202.35001
       204.48001
       206.61001
       208.74001
       210.87001
       213.00001
       215.13001
       217.26001
       219.39001
       221.52001
       223.65001
       225.78001
       227.91001
       230.04001
       232.17001
       234.30001
       236.43001
       238.56001
       240.69001
       242.82001
       244.95001
       247.08001
       249.21001
       251.34001
       253.47001
       255.60001
       257.73001
       259.86001
       261.99001
       264.12001

Y-values

      159.941
      172.735
      175.059
      148.676
      163.882
      160.412
      165.824
      169.588
      159.029
      136.088
      159.206
      168.559
      166.382
      218.765
      299.294
      450.971
      552.353
      613.176
      558.882
      526.118
      425.853
      411.941
      371.618
      342.765
      302.824
      347.882
      346.382
      392.382
      333.000
      331.176
      327.824
      357.706
      327.941
      313.971
      340.441
      307.912
      347.441
      351.206
      379.294
      347.471
      352.147
      353.471
      334.147
      344.441
      340.647
      322.853
      331.206
      328.412
      321.794
      287.147
      328.324
      318.206
      314.706
      313.088
      328.588
      324.559
      325.412
      346.118
      318.559
      302.559
      296.088
      328.941
      302.088
      276.618
      297.235
      296.765
      312.853
      310.324
      300.353
      299.912
      339.853
      300.118
      288.294
      309.676
      294.794
      311.676
      297.382
      303.618
      313.382
      298.706
      265.147
      282.794
      311.618
      312.853
      302.824
      289.235
      299.029
      271.794
      286.412
      286.529
      287.912
      258.853
      278.206
      284.471
      275.324
      288.529
      284.853
      277.176
      290.500
      314.206
      297.471
      320.000
      288.676
      303.294
      264.382
      279.412
      293.176
      259.971
      280.529
      260.235
      274.971
      283.471
      276.618
      316.147
      282.235
      272.735
      272.529
      298.412
      281.676
      265.971
      300.000
      282.824
      257.000
      289.882
      270.235
