X-values

      0.00000000
       2.1300001
       4.2600002
       6.3900003
       8.5200004
       10.650001
       12.780001
       14.910001
       17.040001
       19.170001
       21.300001
       23.430001
       25.560001
       27.690001
       29.820001
       31.950002
       34.080002
       36.210002
       38.340002
       40.470002
       42.600002
       44.730002
       46.860002
       48.990002
       51.120002
       53.250003
       55.380003
       57.510003
       59.640003
       61.770003
       63.900003
       66.030003
       68.160003
       70.290003
       72.420003
       74.550004
       76.680004
       78.810004
       80.940004
       83.070004
       85.200004
       87.330004
       89.460004
       91.590004
       93.720004
       95.850005
       97.980005
       100.11000
       102.24000
       104.37000
       106.50001
       108.63001
       110.76001
       112.89001
       115.02001
       117.15001
       119.28001
       121.41001
       123.54001
       125.67001
       127.80001
       129.93001
       132.06001
       134.19001
       136.32001
       138.45001
       140.58001
       142.71001
       144.84001
       146.97001
       149.10001
       151.23001
       153.36001
       155.49001
       157.62001
       159.75001
       161.88001
       164.01001
       166.14001
       168.27001
       170.40001
       172.53001
       174.66001
       176.79001
       178.92001
       181.05001
       183.18001
       185.31001
       187.44001
       189.57001
       191.70001
       193.83001
       195.96001
       198.09001
       200.22001
       202.35001
       204.48001
       206.61001
       208.74001
       210.87001
       213.00001
       215.13001
       217.26001
       219.39001
       221.52001
       223.65001
       225.78001
       227.91001
       230.04001
       232.17001
       234.30001
       236.43001
       238.56001
       240.69001
       242.82001
       244.95001
       247.08001
       249.21001
       251.34001
       253.47001
       255.60001
       257.73001
       259.86001
       261.99001
       264.12001

Y-values

      141.919
      150.922
      136.591
      136.755
      144.697
      134.529
      166.107
      147.487
      134.752
      151.430
      137.265
      148.886
      134.779
      141.084
      174.551
      159.035
      205.256
      287.506
      367.479
      408.649
      382.131
      356.740
      324.113
      306.056
      282.481
      296.201
      274.954
      306.303
      291.082
      303.364
      308.916
      276.827
      295.671
      286.812
      283.692
      276.577
      305.150
      283.924
      293.417
      305.896
      288.013
      305.329
      316.335
      312.266
      298.048
      322.761
      302.384
      324.805
      312.280
      307.924
      315.694
      344.839
      324.206
      312.535
      344.853
      313.215
      334.694
      311.952
      293.921
      317.727
      329.854
      324.758
      330.496
      345.445
      336.921
      311.418
      331.115
      315.346
      311.175
      325.671
      323.944
      345.639
      332.203
      348.169
      322.052
      351.753
      322.115
      320.356
      326.725
      348.914
      349.084
      347.557
      336.454
      337.287
      336.414
      321.974
      316.764
      326.584
      356.550
      332.581
      337.205
      336.839
      317.382
      346.736
      329.717
      342.878
      313.944
      328.554
      311.549
      327.522
      347.058
      329.648
      302.699
      326.149
      317.895
      332.502
      305.666
      327.042
      307.852
      329.933
      313.731
      309.254
      321.000
      310.122
      326.585
      314.981
      312.844
      315.543
      302.181
      316.043
      319.954
      314.000
      311.202
      300.808
      314.412
