X-values

      0.00000000
       2.1300000
       4.2700000
       6.4000000
       8.5400000
       10.680000
       12.810000
       14.950000
       17.080000
       19.220000
       21.360000
       23.490000
       25.630000
       27.770000
       29.900000
       32.040000
       34.170000
       36.310000
       38.450000
       40.580000
       42.720000
       44.850000
       46.990000
       49.130000
       51.260000
       53.400000
       55.540000
       57.670000
       59.810000
       61.940000
       64.080000
       66.220000
       68.350000
       70.490000
       72.620000
       74.760000
       76.900000
       79.030000
       81.170000
       83.300000
       85.440000
       87.580000
       89.710000
       91.850000
       93.980000
       96.120000
       98.260000
       100.39000
       102.53000
       104.67000
       106.80000
       108.94000
       111.08000
       113.21000
       115.35000
       117.48000
       119.62000
       121.76000
       123.89000
       126.03000
       128.16000
       130.30000
       132.44000
       134.57000
       136.71000
       138.84000
       140.98000
       143.12000
       145.25000
       147.39000
       149.52000
       151.66000
       153.80000
       155.93000
       158.07000
       160.21000
       162.34000
       164.48000
       166.61000
       168.75000
       170.89000
       173.02000
       175.16000
       177.30000
       179.43000
       181.57000
       183.70000
       185.84000
       187.98000
       190.11000
       192.25000
       194.38000
       196.52000
       198.66000
       200.79000
       202.93000
       205.07000
       207.20000
       209.34000
       211.47000
       213.61000
       215.75000
       217.88000
       220.02000
       222.15000
       224.29000
       226.43000
       228.56000
       230.70000
       232.83000
       234.97000
       237.11000
       239.24000
       241.38000
       243.52000
       245.65000
       247.79000
       249.92000
       252.06000
       254.20000
       256.33000
       258.47000
       260.60000
       262.74000
       264.88000

Y-values

      348.470
      320.944
      307.463
      300.037
      311.555
      318.257
      301.806
      311.054
      317.476
      337.818
      293.184
      370.894
      490.506
      617.924
      760.522
      791.671
      811.177
      770.425
      700.695
      728.347
      652.108
      652.601
      631.888
      600.594
      620.467
      619.092
      647.733
      662.345
      656.247
      628.737
      660.932
      646.418
      618.871
      644.425
      664.372
      672.230
      654.773
      669.451
      693.695
      680.560
      698.157
      663.405
      769.174
      701.498
      710.012
      706.183
      687.794
      689.652
      683.632
      691.198
      628.500
      705.513
      707.032
      696.753
      720.465
      705.668
      774.892
      710.585
      707.779
      720.560
      678.332
      703.036
      726.355
      710.393
      679.582
      687.892
      697.761
      713.795
      716.295
      702.703
      696.066
      716.268
      717.090
      755.440
      694.898
      707.545
      710.960
      692.496
      724.674
      716.079
      687.651
      729.975
      717.351
      710.699
      678.178
      702.222
      702.238
      708.437
      718.504
      674.627
      657.238
      697.316
      686.938
      689.607
      652.054
      662.195
      690.774
      676.109
      679.171
      656.707
      758.059
      666.529
      680.330
      674.051
      673.084
      679.063
      658.479
      702.085
      666.285
      675.607
      683.532
      671.211
      648.683
      650.363
      741.555
      680.237
      676.339
      673.745
      668.635
      642.111
      743.882
      669.041
      676.891
      632.392
      663.123
