X-values

      0.00000000
       2.1300001
       4.2600002
       6.3900003
       8.5200005
       10.650001
       12.780001
       14.910001
       17.040001
       19.170001
       21.300001
       23.430001
       25.560001
       27.690001
       29.820002
       31.950002
       34.080002
       36.210002
       38.340002
       40.470002
       42.600002
       44.730002
       46.860003
       48.990003
       51.120003
       53.250003
       55.380003
       57.510003
       59.640003
       61.770003
       63.900003
       66.030004
       68.160004
       70.290004
       72.420004
       74.550004
       76.680004
       78.810004
       80.940004
       83.070004
       85.200005
       87.330005
       89.460005
       91.590005
       93.720005
       95.850005
       97.980005
       100.11001
       102.24001
       104.37001
       106.50001
       108.63001
       110.76001
       112.89001
       115.02001
       117.15001
       119.28001
       121.41001
       123.54001
       125.67001
       127.80001
       129.93001
       132.06001
       134.19001
       136.32001
       138.45001
       140.58001
       142.71001
       144.84001
       146.97001
       149.10001
       151.23001
       153.36001
       155.49001
       157.62001
       159.75001
       161.88001
       164.01001
       166.14001
       168.27001
       170.40001
       172.53001
       174.66001
       176.79001
       178.92001
       181.05001
       183.18001
       185.31001
       187.44001
       189.57001
       191.70001
       193.83001
       195.96001
       198.09001
       200.22001
       202.35001
       204.48001
       206.61001
       208.74001
       210.87001
       213.00001
       215.13001
       217.26001
       219.39001
       221.52001
       223.65001
       225.78001
       227.91001
       230.04001
       232.17001
       234.30001
       236.43001
       238.56001
       240.69001
       242.82001
       244.95001
       247.08001
       249.21001
       251.34001
       253.47001
       255.60001
       257.73001
       259.86001
       261.99001
       264.12001

Y-values

      251.923
      159.483
      213.213
      255.524
      263.800
      203.275
      218.801
      270.303
      184.665
      274.133
      177.520
      191.678
      163.996
      251.770
      182.755
      256.661
      211.294
      355.687
      482.664
      554.914
      629.255
      562.063
      619.962
      539.933
      587.339
      552.198
      513.672
      572.081
      537.665
      532.742
      465.147
      529.708
      507.350
      538.037
      556.008
      549.479
      528.244
      541.591
      589.763
      521.864
      503.800
      512.722
      529.529
      531.025
      534.000
      530.501
      551.360
      557.508
      543.543
      555.298
      564.876
      583.236
      526.117
      536.521
      500.039
      519.472
      546.257
      487.170
      579.280
      550.787
      525.308
      560.381
      494.678
      552.774
      589.400
      525.437
      562.170
      594.321
      520.095
      506.451
      586.786
      488.644
      513.070
      530.923
      503.640
      520.353
      557.552
      495.275
      558.423
      510.149
      535.442
      522.845
      461.324
      494.960
      512.302
      522.994
      485.940
      519.988
      581.645
      495.825
      544.463
      564.349
      481.408
      521.836
      522.023
      474.080
      500.495
      502.392
      467.345
      441.895
      495.102
      560.631
      430.762
      465.626
      523.807
      479.677
      451.953
      493.584
      564.668
      425.788
      498.081
      527.724
      467.150
      463.933
      506.030
      460.850
      463.263
      543.531
      493.564
      462.275
      480.707
      461.265
      493.046
      453.018
      492.217
