X-values

      0.00000000
       2.1300001
       4.2600002
       6.3900003
       8.5200005
       10.650001
       12.780001
       14.910001
       17.040001
       19.170001
       21.300001
       23.430001
       25.560001
       27.690001
       29.820002
       31.950002
       34.080002
       36.210002
       38.340002
       40.470002
       42.600002
       44.730002
       46.860003
       48.990003
       51.120003
       53.250003
       55.380003
       57.510003
       59.640003
       61.770003
       63.900003
       66.030004
       68.160004
       70.290004
       72.420004
       74.550004
       76.680004
       78.810004
       80.940004
       83.070004
       85.200005
       87.330005
       89.460005
       91.590005
       93.720005
       95.850005
       97.980005
       100.11001
       102.24001
       104.37001
       106.50001
       108.63001
       110.76001
       112.89001
       115.02001
       117.15001
       119.28001
       121.41001
       123.54001
       125.67001
       127.80001
       129.93001
       132.06001
       134.19001
       136.32001
       138.45001
       140.58001
       142.71001
       144.84001
       146.97001
       149.10001
       151.23001
       153.36001
       155.49001
       157.62001
       159.75001
       161.88001
       164.01001
       166.14001
       168.27001
       170.40001
       172.53001
       174.66001
       176.79001
       178.92001
       181.05001
       183.18001
       185.31001
       187.44001
       189.57001
       191.70001
       193.83001
       195.96001
       198.09001
       200.22001
       202.35001
       204.48001
       206.61001
       208.74001
       210.87001
       213.00001
       215.13001
       217.26001
       219.39001
       221.52001
       223.65001
       225.78001
       227.91001
       230.04001
       232.17001
       234.30001
       236.43001
       238.56001
       240.69001
       242.82001
       244.95001
       247.08001
       249.21001
       251.34001
       253.47001
       255.60001
       257.73001
       259.86001
       261.99001
       264.12001

Y-values

      197.000
      212.400
      228.800
      233.900
      167.800
      161.300
      175.800
      155.300
      127.900
      179.400
      189.800
      142.300
      245.500
      707.800
      1385.00
      1884.90
      2006.40
      1943.90
      1800.20
      1536.80
      1258.60
      1040.20
      829.400
      746.000
      619.500
      606.100
      655.600
      645.000
      659.700
      672.500
      819.200
      800.200
      797.500
      778.700
      796.800
      761.200
      716.800
      720.000
      680.300
      713.300
      765.300
      725.800
      707.000
      718.200
      790.200
      721.600
      614.400
      770.700
      637.200
      677.500
      655.600
      631.100
      628.300
      647.700
      580.800
      658.800
      556.000
      610.900
      616.100
      617.300
      615.400
      620.300
      644.100
      691.700
      660.400
      570.800
      623.600
      676.500
      564.500
      614.800
      585.700
      608.900
      676.000
      686.100
      612.400
      630.000
      656.900
      506.300
      566.100
      585.400
      532.200
      549.100
      587.200
      654.000
      595.200
      613.500
      540.800
      536.200
      575.800
      550.400
      480.300
      528.300
      581.400
      520.700
      565.900
      530.700
      533.800
      515.100
      546.600
      580.100
      506.600
      515.100
      554.300
      524.700
      487.100
      563.500
      551.900
      568.200
      405.300
      568.700
      474.100
      521.500
      581.200
      495.400
      575.300
      528.600
      503.100
      516.200
      544.300
      484.500
      500.400
      547.600
      467.500
      509.300
      506.200
