X-values

      0.00000000
       2.1300000
       4.2600000
       6.3900000
       8.5200000
       10.650000
       12.780000
       14.910000
       17.040000
       19.170000
       21.300000
       23.430000
       25.560000
       27.690000
       29.820000
       31.950000
       34.080000
       36.210000
       38.340000
       40.470000
       42.600000
       44.730000
       46.860000
       48.990000
       51.120000
       53.250000
       55.380000
       57.510000
       59.640000
       61.770000
       63.900000
       66.030000
       68.160000
       70.290000
       72.420000
       74.550000
       76.680000
       78.810000
       80.940000
       83.070000
       85.200000
       87.330000
       89.460000
       91.590000
       93.720000
       95.850000
       97.980000
       100.11000
       102.24000
       104.37000
       106.50000
       108.63000
       110.76000
       112.89000
       115.02000
       117.15000
       119.28000
       121.41000
       123.54000
       125.67000
       127.80000
       129.93000
       132.06000
       134.19000
       136.32000
       138.45000
       140.58000
       142.71000
       144.84000
       146.97000
       149.10000
       151.23000
       153.36000
       155.49000
       157.62000
       159.75000
       161.88000
       164.01000
       166.14000
       168.27000
       170.40000
       172.53000
       174.66000
       176.79000
       178.92000
       181.05000
       183.18000
       185.31000
       187.44000
       189.57000
       191.70000
       193.83000
       195.96000
       198.09000
       200.22000
       202.35000
       204.48000
       206.61000
       208.74000
       210.87000
       213.00000
       215.13000
       217.26000
       219.39000
       221.52000
       223.65000
       225.78000
       227.91000
       230.04000
       232.17000
       234.30000
       236.43000
       238.56000
       240.69000
       242.82000
       244.95000
       247.08000
       249.21000
       251.34000
       253.47000
       255.60000
       257.73000
       259.86000
       261.99000
       264.12000

Y-values

      397.869
      420.646
      293.677
      411.923
      275.746
      272.354
      247.154
      256.846
      297.554
      334.869
      892.177
      1771.75
      1941.85
      1564.34
      1156.78
      898.962
      690.577
      598.500
      582.992
      642.600
      716.262
      767.631
      801.069
      731.769
      640.177
      710.931
      611.100
      738.554
      680.885
      601.892
      652.777
      683.308
      701.723
      732.254
      727.408
      684.277
      611.100
      647.931
      596.077
      711.900
      586.385
      666.346
      653.746
      626.608
      709.962
      667.315
      571.846
      586.869
      551.008
      641.146
      568.938
      551.977
      637.269
      645.992
      547.131
      523.385
      625.154
      623.215
      581.538
      513.692
      605.285
      565.546
      584.446
      547.131
      571.846
      604.315
      551.008
      586.385
      611.585
      646.477
      578.631
      588.323
      590.746
      588.808
      590.261
      515.146
      547.131
      530.654
      591.715
      503.031
      542.285
      528.715
      583.477
      598.985
      558.762
      574.754
      547.131
      519.508
      595.108
      544.223
      586.869
      617.885
      650.838
      569.423
      576.692
      563.608
      567.000
      546.162
      553.431
      514.662
      591.715
      550.523
      573.300
      575.239
      599.469
      574.754
      543.254
      582.508
      630.969
      559.731
      505.454
      488.492
      504.969
      562.154
      520.477
      497.215
      568.454
      485.100
      544.223
      524.354
      531.138
      546.646
      524.839
      526.292
      565.546
