X-values

     0.000000
      2.13700
      4.27300
      6.40900
      8.54500
      10.6810
      12.8180
      14.9540
      17.0900
      19.2260
      21.3620
      23.4980
      25.6350
      27.7710
      29.9070
      32.0430
      34.1790
      36.3150
      38.4510
      40.5880
      42.7240
      44.8600
      46.9960
      49.1320
      51.2680
      53.4040
      55.5410
      57.6770
      59.8130
      61.9490
      64.0850
      66.2210
      68.3580
      70.4940
      72.6300
      74.7660
      76.9020
      79.0380
      81.1740
      83.3110
      85.4470
      87.5830
      89.7190
      91.8550
      93.9910
      96.1270
      98.2640
      100.400
      102.536
      104.672
      106.808
      108.944
      111.081
      113.217
      115.353
      117.489
      119.625
      121.761
      123.897
      126.034
      128.170
      130.306
      132.442
      134.578
      136.714
      138.850
      140.987
      143.123
      145.259
      147.395
      149.531
      151.667
      153.804
      155.940
      158.076
      160.212
      162.348
      164.484
      166.620
      168.757
      170.893
      173.029
      175.165
      177.301
      179.437
      181.573
      183.710
      185.846
      187.982
      190.118
      192.254
      194.390
      196.527
      198.663
      200.799
      202.935
      205.071
      207.207
      209.343
      211.480
      213.616
      215.752
      217.888
      220.024
      222.160
      224.296
      226.433
      228.569
      230.705
      232.841
      234.977
      237.113
      239.250
      241.386
      243.522
      245.658
      247.794
      249.930
      252.066
      254.203
      256.339
      258.475
      260.611
      262.747
      264.883

Y-values

 5.05311e+006
 4.65512e+006
 4.97660e+006
 4.17457e+006
 5.11083e+006
 5.48869e+006
 3.24670e+007
 3.54308e+007
 2.69320e+007
 1.69265e+007
 1.21620e+007
 8.40820e+006
 8.92969e+006
 1.08002e+007
 1.28412e+007
 1.20036e+007
 1.22734e+007
 1.29284e+007
 1.02317e+007
 1.01069e+007
 9.98138e+006
 9.85051e+006
 9.38540e+006
 9.40822e+006
 9.71628e+006
 9.67802e+006
 9.14647e+006
 8.99345e+006
 1.04425e+007
 1.05552e+007
 9.36795e+006
 9.30889e+006
 9.42701e+006
 9.74917e+006
 9.35721e+006
 9.72836e+006
 9.65990e+006
 9.88273e+006
 9.11090e+006
 1.07217e+007
 8.69277e+006
 9.31426e+006
 8.79344e+006
 9.36862e+006
 8.59277e+006
 9.95320e+006
 8.94647e+006
 8.13169e+006
 8.83304e+006
 1.00022e+007
 7.27463e+006
 8.72029e+006
 1.01230e+007
 8.34511e+006
 1.14344e+007
 8.56458e+006
 9.21359e+006
 8.94781e+006
 8.54579e+006
 8.55384e+006
 9.09077e+006
 8.80955e+006
 8.33572e+006
 8.33840e+006
 8.94244e+006
 8.43572e+006
 8.20618e+006
 9.90286e+006
 9.65319e+006
 8.71156e+006
 1.03069e+007
 8.81761e+006
 8.69613e+006
 8.64915e+006
 8.41760e+006
 8.10216e+006
 9.29479e+006
 8.71156e+006
 7.85853e+006
 8.39142e+006
 9.48742e+006
 8.48807e+006
 7.72698e+006
 8.49344e+006
 8.69747e+006
 6.91153e+006
 8.29746e+006
 7.92363e+006
 7.36120e+006
 8.68405e+006
 7.98068e+006
 8.45653e+006
 7.86457e+006
 7.42094e+006
 8.65586e+006
 8.41424e+006
 8.97600e+006
 7.99343e+006
 8.33102e+006
 8.67197e+006
 7.84779e+006
 8.22833e+006
 8.21961e+006
 8.48069e+006
 1.05519e+007
 7.69812e+006
 8.40015e+006
 8.82163e+006
 8.02430e+006
 6.94509e+006
 7.41691e+006
 8.50283e+006
 8.05048e+006
 7.71423e+006
 7.90819e+006
 8.39344e+006
 7.72295e+006
 8.01826e+006
 7.61221e+006
 7.92766e+006
 7.66255e+006
 7.61154e+006
 7.46926e+006
 8.18068e+006
 8.10686e+006
