X-values

      0.00000000
       2.1300001
       4.2600002
       6.3900003
       8.5200004
       10.650001
       12.780001
       14.910001
       17.040001
       19.170001
       21.300001
       23.430001
       25.560001
       27.690001
       29.820001
       31.950002
       34.080002
       36.210002
       38.340002
       40.470002
       42.600002
       44.730002
       46.860002
       48.990002
       51.120002
       53.250003
       55.380003
       57.510003
       59.640003
       61.770003
       63.900003
       66.030003
       68.160003
       70.290003
       72.420003
       74.550004
       76.680004
       78.810004
       80.940004
       83.070004
       85.200004
       87.330004
       89.460004
       91.590004
       93.720004
       95.850005
       97.980005
       100.11000
       102.24000
       104.37000
       106.50001
       108.63001
       110.76001
       112.89001
       115.02001
       117.15001
       119.28001
       121.41001
       123.54001
       125.67001
       127.80001
       129.93001
       132.06001
       134.19001
       136.32001
       138.45001
       140.58001
       142.71001
       144.84001
       146.97001
       149.10001
       151.23001
       153.36001
       155.49001
       157.62001
       159.75001
       161.88001
       164.01001
       166.14001
       168.27001
       170.40001
       172.53001
       174.66001
       176.79001
       178.92001
       181.05001
       183.18001
       185.31001
       187.44001
       189.57001
       191.70001
       193.83001
       195.96001
       198.09001
       200.22001
       202.35001
       204.48001
       206.61001
       208.74001
       210.87001
       213.00001
       215.13001
       217.26001
       219.39001
       221.52001
       223.65001
       225.78001
       227.91001
       230.04001
       232.17001
       234.30001
       236.43001
       238.56001
       240.69001
       242.82001
       244.95001
       247.08001
       249.21001
       251.34001
       253.47001
       255.60001
       257.73001
       259.86001
       261.99001
       264.12001

Y-values

      209.631
      191.702
      209.878
      187.543
      210.869
      191.005
      192.549
      366.334
      376.845
      300.665
      200.399
      193.786
      154.616
      192.732
      211.105
      239.221
      407.144
      484.639
      528.714
      572.167
      623.922
      613.711
      663.904
      615.280
      604.956
      613.860
      569.392
      573.132
      586.679
      496.470
      531.656
      490.927
      528.224
      519.141
      534.977
      531.003
      562.391
      573.261
      540.146
      563.573
      575.791
      484.854
      518.344
      476.675
      510.820
      486.765
      509.438
      461.685
      514.246
      469.345
      517.175
      528.813
      500.092
      560.148
      573.800
      554.080
      580.289
      623.327
      499.762
      567.315
      519.938
      500.820
      575.019
      558.608
      556.915
      562.001
      546.621
      531.143
      548.414
      546.971
      544.701
      537.901
      539.745
      692.443
      525.723
      521.067
      518.985
      497.223
      523.323
      482.787
      516.229
      518.771
      530.132
      520.702
      493.529
      490.856
      500.357
      443.320
      499.426
      440.058
      491.189
      529.048
      500.225
      508.490
      514.116
      533.406
      503.917
      523.407
      527.037
      469.280
      521.416
      505.123
      470.001
      521.459
      490.345
      495.064
      534.554
      454.637
      514.595
      522.382
      496.724
      489.031
      436.799
      518.856
      494.212
      511.073
      496.893
      486.806
      474.072
      541.133
      501.698
      484.936
      484.123
      471.902
      432.530
