X-values

      0.00000000
       2.1300000
       4.2600000
       6.3900000
       8.5200000
       10.650000
       12.780000
       14.910000
       17.040000
       19.170000
       21.300000
       23.430000
       25.560000
       27.690000
       29.820000
       31.950000
       34.080000
       36.210000
       38.340000
       40.470000
       42.600000
       44.730000
       46.860000
       48.990000
       51.120000
       53.250000
       55.380000
       57.510000
       59.640000
       61.770000
       63.900000
       66.030000
       68.160000
       70.290000
       72.420000
       74.550000
       76.680000
       78.810000
       80.940000
       83.070000
       85.200000
       87.330000
       89.460000
       91.590000
       93.720000
       95.850000
       97.980000
       100.11000
       102.24000
       104.37000
       106.50000
       108.63000
       110.76000
       112.89000
       115.02000
       117.15000
       119.28000
       121.41000
       123.54000
       125.67000
       127.80000
       129.93000
       132.06000
       134.19000
       136.32000
       138.45000
       140.58000
       142.71000
       144.84000
       146.97000
       149.10000
       151.23000
       153.36000
       155.49000
       157.62000
       159.75000
       161.88000
       164.01000
       166.14000
       168.27000
       170.40000
       172.53000
       174.66000
       176.79000
       178.92000
       181.05000
       183.18000
       185.31000
       187.44000
       189.57000
       191.70000
       193.83000
       195.96000
       198.09000
       200.22000
       202.35000
       204.48000
       206.61000
       208.74000
       210.87000
       213.00000
       215.13000
       217.26000
       219.39000
       221.52000
       223.65000
       225.78000
       227.91000
       230.04000
       232.17000
       234.30000
       236.43000
       238.56000
       240.69000
       242.82000
       244.95000
       247.08000
       249.21000
       251.34000
       253.47000
       255.60000
       257.73000
       259.86000
       261.99000
       264.12000

Y-values

      317.642
      419.980
      261.565
      339.315
      392.878
      268.585
      276.845
      296.443
      399.419
      417.089
      298.972
      370.476
      541.867
      756.419
      790.528
      793.408
      696.223
      675.658
      653.462
      622.636
      619.143
      621.400
      714.701
      733.236
      773.582
      640.254
      554.691
      661.998
      631.854
      517.192
      555.850
      549.131
      536.440
      552.784
      642.115
      573.082
      619.122
      530.196
      499.292
      604.929
      697.972
      634.070
      533.260
      574.189
      621.976
      557.584
      533.769
      520.757
      647.868
      665.928
      527.961
      616.888
      702.588
      521.040
      549.118
      638.645
      681.156
      520.777
      545.665
      502.328
      552.799
      629.591
      517.113
      515.813
      519.105
      523.440
      555.756
      624.127
      648.831
      545.314
      525.856
      525.244
      514.116
      624.967
      690.293
      507.740
      550.284
      620.476
      539.263
      493.794
      551.315
      636.554
      463.017
      486.253
      617.402
      617.264
      510.982
      491.797
      521.157
      592.651
      597.687
      654.188
      496.565
      516.521
      521.263
      498.804
      547.698
      628.819
      486.930
      565.579
      492.309
      560.265
      598.250
      490.948
      605.697
      645.233
      498.553
      494.818
      490.081
      582.092
      492.642
      493.489
      475.278
      472.771
      486.101
      471.185
      588.910
      618.393
      433.451
      468.511
      619.040
      596.791
      627.683
      598.905
      496.353
