X-values

      0.00000000
       2.1300001
       4.2600002
       6.3900003
       8.5200005
       10.650001
       12.780001
       14.910001
       17.040001
       19.170001
       21.300001
       23.430001
       25.560001
       27.690001
       29.820002
       31.950002
       34.080002
       36.210002
       38.340002
       40.470002
       42.600002
       44.730002
       46.860003
       48.990003
       51.120003
       53.250003
       55.380003
       57.510003
       59.640003
       61.770003
       63.900003
       66.030004
       68.160004
       70.290004
       72.420004
       74.550004
       76.680004
       78.810004
       80.940004
       83.070004
       85.200005
       87.330005
       89.460005
       91.590005
       93.720005
       95.850005
       97.980005
       100.11001
       102.24001
       104.37001
       106.50001
       108.63001
       110.76001
       112.89001
       115.02001
       117.15001
       119.28001
       121.41001
       123.54001
       125.67001
       127.80001
       129.93001
       132.06001
       134.19001
       136.32001
       138.45001
       140.58001
       142.71001
       144.84001
       146.97001
       149.10001
       151.23001
       153.36001
       155.49001
       157.62001
       159.75001
       161.88001
       164.01001
       166.14001
       168.27001
       170.40001
       172.53001
       174.66001
       176.79001
       178.92001
       181.05001
       183.18001
       185.31001
       187.44001
       189.57001
       191.70001
       193.83001
       195.96001
       198.09001
       200.22001
       202.35001
       204.48001
       206.61001
       208.74001
       210.87001
       213.00001
       215.13001
       217.26001
       219.39001
       221.52001
       223.65001
       225.78001
       227.91001
       230.04001
       232.17001
       234.30001
       236.43001
       238.56001
       240.69001
       242.82001
       244.95001
       247.08001
       249.21001
       251.34001
       253.47001
       255.60001
       257.73001
       259.86001
       261.99001
       264.12001

Y-values

      192.615
      82.9231
      122.231
      118.154
      133.462
      126.077
      92.4615
      115.154
      88.3077
      106.769
      149.846
      111.000
      139.154
      410.308
      830.154
      1295.77
      1478.38
      1353.00
      1124.38
      1031.00
      823.462
      802.154
      560.077
      552.923
      461.769
      464.615
      470.308
      559.769
      549.538
      600.462
      605.077
      661.846
      575.000
      637.692
      551.000
      551.077
      582.615
      537.154
      525.154
      538.769
      550.692
      548.923
      539.615
      523.385
      469.846
      530.615
      493.385
      525.769
      536.000
      546.385
      452.692
      500.538
      418.231
      484.615
      438.462
      460.000
      519.154
      541.000
      519.000
      483.846
      444.154
      426.000
      448.385
      397.538
      454.077
      492.615
      440.846
      473.231
      439.154
      452.308
      386.000
      439.308
      492.538
      390.923
      444.846
      435.615
      479.846
      439.846
      475.077
      437.308
      426.923
      378.923
      385.077
      394.846
      397.308
      376.538
      452.538
      428.923
      392.385
      418.231
      400.462
      422.769
      367.000
      386.615
      396.077
      431.308
      402.615
      376.615
      380.615
      372.231
      383.000
      401.308
      384.154
      417.154
      401.231
      388.462
      389.462
      408.231
      406.923
      377.538
      365.385
      371.692
      346.692
      390.923
      369.385
      383.231
      391.462
      387.231
      358.692
      390.615
      340.231
      395.077
      370.154
      359.923
      465.692
