X-values

      0.00000000
       2.1300001
       4.2600002
       6.3900003
       8.5200005
       10.650001
       12.780001
       14.910001
       17.040001
       19.170001
       21.300001
       23.430001
       25.560001
       27.690001
       29.820002
       31.950002
       34.080002
       36.210002
       38.340002
       40.470002
       42.600002
       44.730002
       46.860003
       48.990003
       51.120003
       53.250003
       55.380003
       57.510003
       59.640003
       61.770003
       63.900003
       66.030004
       68.160004
       70.290004
       72.420004
       74.550004
       76.680004
       78.810004
       80.940004
       83.070004
       85.200005
       87.330005
       89.460005
       91.590005
       93.720005
       95.850005
       97.980005
       100.11001
       102.24001
       104.37001
       106.50001
       108.63001
       110.76001
       112.89001
       115.02001
       117.15001
       119.28001
       121.41001
       123.54001
       125.67001
       127.80001
       129.93001
       132.06001
       134.19001
       136.32001
       138.45001
       140.58001
       142.71001
       144.84001
       146.97001
       149.10001
       151.23001
       153.36001
       155.49001
       157.62001
       159.75001
       161.88001
       164.01001
       166.14001
       168.27001
       170.40001
       172.53001
       174.66001
       176.79001
       178.92001
       181.05001
       183.18001
       185.31001
       187.44001
       189.57001
       191.70001
       193.83001
       195.96001
       198.09001
       200.22001
       202.35001
       204.48001
       206.61001
       208.74001
       210.87001
       213.00001
       215.13001
       217.26001
       219.39001
       221.52001
       223.65001
       225.78001
       227.91001
       230.04001
       232.17001
       234.30001
       236.43001
       238.56001
       240.69001
       242.82001
       244.95001
       247.08001
       249.21001
       251.34001
       253.47001
       255.60001
       257.73001
       259.86001
       261.99001
       264.12001

Y-values

      176.055
      182.896
      162.140
      161.152
      166.085
      146.053
      162.464
      160.829
      150.136
      166.896
      160.777
      172.394
      152.476
      168.043
      169.145
      210.805
      249.663
      317.743
      363.393
      393.638
      410.063
      412.800
      410.305
      398.336
      387.978
      372.231
      356.798
      354.771
      356.042
      347.162
      342.386
      366.246
      367.564
      356.252
      403.538
      364.444
      358.445
      369.864
      367.092
      363.270
      361.741
      356.580
      350.939
      360.408
      365.043
      360.623
      369.820
      370.232
      367.352
      367.782
      349.766
      372.556
      370.298
      356.787
      399.380
      352.624
      377.152
      372.284
      361.206
      384.296
      358.010
      377.248
      373.244
      374.451
      385.380
      398.667
      347.939
      383.700
      380.350
      380.305
      429.321
      384.115
      378.279
      389.233
      351.718
      370.745
      371.609
      351.565
      371.622
      380.118
      377.603
      379.159
      396.857
      355.898
      367.676
      367.357
      372.611
      369.067
      390.972
      370.604
      370.999
      362.832
      361.910
      397.229
      348.093
      355.743
      361.709
      347.789
      354.103
      359.332
      355.258
      353.942
      349.256
      364.934
      357.395
      353.307
      344.237
      348.842
      380.726
      350.529
      346.945
      344.055
      352.213
      337.814
      367.576
      337.270
      352.862
      345.973
      345.388
      341.954
      347.423
      333.802
      341.416
      340.678
      343.940
