X-values

      0.00000000
       2.1300000
       4.2600000
       6.3900000
       8.5200000
       10.650000
       12.780000
       14.910000
       17.040000
       19.170000
       21.300000
       23.430000
       25.560000
       27.690000
       29.820000
       31.950000
       34.080000
       36.210000
       38.340000
       40.470000
       42.600000
       44.730000
       46.860000
       48.990000
       51.120000
       53.250000
       55.380000
       57.510000
       59.640000
       61.770000
       63.900000
       66.030000
       68.160000
       70.290000
       72.420000
       74.550000
       76.680000
       78.810000
       80.940000
       83.070000
       85.200000
       87.330000
       89.460000
       91.590000
       93.720000
       95.850000
       97.980000
       100.11000
       102.24000
       104.37000
       106.50000
       108.63000
       110.76000
       112.89000
       115.02000
       117.15000
       119.28000
       121.41000
       123.54000
       125.67000
       127.80000
       129.93000
       132.06000
       134.19000
       136.32000
       138.45000
       140.58000
       142.71000
       144.84000
       146.97000
       149.10000
       151.23000
       153.36000
       155.49000
       157.62000
       159.75000
       161.88000
       164.01000
       166.14000
       168.27000
       170.40000
       172.53000
       174.66000
       176.79000
       178.92000
       181.05000
       183.18000
       185.31000
       187.44000
       189.57000
       191.70000
       193.83000
       195.96000
       198.09000
       200.22000
       202.35000
       204.48000
       206.61000
       208.74000
       210.87000
       213.00000
       215.13000
       217.26000
       219.39000
       221.52000
       223.65000
       225.78000
       227.91000
       230.04000
       232.17000
       234.30000
       236.43000
       238.56000
       240.69000
       242.82000
       244.95000
       247.08000
       249.21000
       251.34000
       253.47000
       255.60000
       257.73000
       259.86000
       261.99000
       264.12000

Y-values

      357.485
      429.074
      364.810
      407.449
      373.438
      400.744
      369.924
      375.188
      409.929
      374.788
      430.375
      391.640
      503.122
      677.061
      942.538
      1036.46
      1140.81
      1014.12
      1076.65
      937.917
      949.509
      954.025
      879.149
      932.881
      833.651
      884.146
      944.844
      906.586
      1026.25
      904.016
      889.671
      889.038
      933.137
      796.857
      879.934
      839.831
      878.349
      982.130
      823.034
      908.885
      956.030
      902.511
      1007.25
      905.913
      1056.18
      908.117
      1019.88
      913.962
      948.745
      882.350
      912.423
      934.172
      910.994
      910.090
      873.684
      916.814
      950.973
      891.508
      933.159
      972.277
      885.102
      934.438
      893.406
      871.181
      902.082
      886.356
      860.312
      845.045
      892.462
      980.776
      906.357
      962.052
      872.907
      883.486
      869.063
      886.763
      814.637
      882.799
      874.723
      905.504
      870.690
      1007.10
      856.696
      924.008
      868.541
      889.955
      978.741
      883.057
      812.557
      878.650
      853.739
      879.799
      904.478
      868.415
      868.580
      982.144
      836.316
      933.417
      831.706
      923.758
      796.243
      849.726
      897.143
      796.037
      844.132
      875.645
      847.447
      857.609
      889.164
      987.027
      848.051
      881.139
      859.259
      840.901
      848.328
      854.339
      843.846
      836.028
      952.344
      853.143
      871.281
      806.860
      834.014
      836.844
      807.589
