X-values

      0.00000000
       2.1300001
       4.2600002
       6.3900003
       8.5200005
       10.650001
       12.780001
       14.910001
       17.040001
       19.170001
       21.300001
       23.430001
       25.560001
       27.690001
       29.820002
       31.950002
       34.080002
       36.210002
       38.340002
       40.470002
       42.600002
       44.730002
       46.860003
       48.990003
       51.120003
       53.250003
       55.380003
       57.510003
       59.640003
       61.770003
       63.900003
       66.030004
       68.160004
       70.290004
       72.420004
       74.550004
       76.680004
       78.810004
       80.940004
       83.070004
       85.200005
       87.330005
       89.460005
       91.590005
       93.720005
       95.850005
       97.980005
       100.11001
       102.24001
       104.37001
       106.50001
       108.63001
       110.76001
       112.89001
       115.02001
       117.15001
       119.28001
       121.41001
       123.54001
       125.67001
       127.80001
       129.93001
       132.06001
       134.19001
       136.32001
       138.45001
       140.58001
       142.71001
       144.84001
       146.97001
       149.10001
       151.23001
       153.36001
       155.49001
       157.62001
       159.75001
       161.88001
       164.01001
       166.14001
       168.27001
       170.40001
       172.53001
       174.66001
       176.79001
       178.92001
       181.05001
       183.18001
       185.31001
       187.44001
       189.57001
       191.70001
       193.83001
       195.96001
       198.09001
       200.22001
       202.35001
       204.48001
       206.61001
       208.74001
       210.87001
       213.00001
       215.13001
       217.26001
       219.39001
       221.52001
       223.65001
       225.78001
       227.91001
       230.04001
       232.17001
       234.30001
       236.43001
       238.56001
       240.69001
       242.82001
       244.95001
       247.08001
       249.21001
       251.34001
       253.47001
       255.60001
       257.73001
       259.86001
       261.99001
       264.12001

Y-values

      279.358
      273.507
      267.475
      282.337
      296.854
      274.978
      271.363
      272.803
      258.930
      271.060
      283.792
      276.374
      306.132
      415.017
      553.489
      688.378
      812.594
      836.536
      823.413
      795.830
      726.439
      701.896
      640.457
      633.261
      615.568
      628.801
      652.787
      642.804
      678.989
      681.159
      643.785
      691.845
      640.840
      629.780
      659.829
      638.712
      685.694
      653.486
      673.178
      681.032
      650.974
      646.522
      664.484
      664.288
      642.288
      644.060
      668.958
      676.254
      767.458
      695.203
      679.329
      682.809
      687.812
      710.456
      711.564
      695.119
      700.832
      685.048
      740.219
      700.368
      690.000
      704.524
      683.005
      673.646
      702.625
      684.012
      747.462
      702.338
      696.552
      707.865
      676.482
      701.530
      698.040
      708.309
      704.112
      688.774
      705.703
      690.775
      740.008
      710.403
      718.217
      722.303
      712.491
      698.431
      700.971
      738.145
      699.196
      725.497
      731.163
      705.819
      696.944
      706.976
      738.995
      677.593
      688.663
      707.856
      699.675
      741.118
      695.462
      676.266
      702.125
      695.741
      712.118
      712.489
      694.445
      714.867
      701.250
      726.212
      714.387
      716.403
      729.522
      698.980
      688.839
      690.537
      674.500
      697.299
      671.493
      700.375
      686.759
      733.569
      663.362
      695.270
      683.055
      690.225
      676.822
