X-values

      0.00000000
       2.1300000
       4.2600000
       6.3900000
       8.5200000
       10.650000
       12.780000
       14.910000
       17.040000
       19.170000
       21.300000
       23.430000
       25.560000
       27.690000
       29.820000
       31.950000
       34.080000
       36.210000
       38.340000
       40.470000
       42.600000
       44.730000
       46.860000
       48.990000
       51.120000
       53.250000
       55.380000
       57.510000
       59.640000
       61.770000
       63.900000
       66.030000
       68.160000
       70.290000
       72.420000
       74.550000
       76.680000
       78.810000
       80.940000
       83.070000
       85.200000
       87.330000
       89.460000
       91.590000
       93.720000
       95.850000
       97.980000
       100.11000
       102.24000
       104.37000
       106.50000
       108.63000
       110.76000
       112.89000
       115.02000
       117.15000
       119.28000
       121.41000
       123.54000
       125.67000
       127.80000
       129.93000
       132.06000
       134.19000
       136.32000
       138.45000
       140.58000
       142.71000
       144.84000
       146.97000
       149.10000
       151.23000
       153.36000
       155.49000
       157.62000
       159.75000
       161.88000
       164.01000
       166.14000
       168.27000
       170.40000
       172.53000
       174.66000
       176.79000
       178.92000
       181.05000
       183.18000
       185.31000
       187.44000
       189.57000
       191.70000
       193.83000
       195.96000
       198.09000
       200.22000
       202.35000
       204.48000
       206.61000
       208.74000
       210.87000
       213.00000
       215.13000
       217.26000
       219.39000
       221.52000
       223.65000
       225.78000
       227.91000
       230.04000
       232.17000
       234.30000
       236.43000
       238.56000
       240.69000
       242.82000
       244.95000
       247.08000
       249.21000
       251.34000
       253.47000
       255.60000
       257.73000
       259.86000
       261.99000
       264.12000

Y-values

      343.938
      405.123
      325.043
      330.667
      346.638
      356.085
      341.014
      366.433
      352.711
      408.272
      412.546
      400.399
      1048.91
      1568.30
      2174.98
      2377.20
      2190.05
      1904.59
      1655.36
      1385.20
      1221.44
      941.163
      982.552
      1043.51
      1057.68
      1132.14
      1190.18
      1273.85
      1306.92
      1173.98
      1166.33
      1096.15
      934.415
      901.123
      907.646
      983.227
      958.933
      1044.41
      1020.12
      967.481
      949.261
      994.699
      1116.17
      1103.80
      1072.30
      1024.84
      1118.19
      1078.15
      1082.20
      1095.47
      1006.17
      949.486
      928.341
      978.278
      1028.44
      917.544
      890.326
      959.833
      912.595
      874.580
      950.835
      979.853
      964.107
      985.477
      866.482
      868.281
      837.239
      859.733
      892.350
      974.005
      915.969
      975.804
      876.829
      837.014
      881.328
      784.152
      888.526
      752.435
      802.823
      756.709
      833.865
      848.261
      855.909
      860.858
      904.047
      842.188
      801.473
      843.987
      864.232
      948.586
      862.208
      808.221
      837.239
      812.720
      785.277
      784.827
      817.444
      741.863
      853.435
      800.348
      863.108
      787.751
      710.371
      827.117
      736.464
      807.996
      855.684
      741.188
      702.273
      1030.47
      863.107
      917.094
      845.562
      845.112
      815.644
      841.963
      743.663
      857.484
      816.319
      809.796
      756.035
      741.188
      767.956
      766.157
      719.144
