X-values

      0.00000000
       2.1300000
       4.2700000
       6.4000000
       8.5400000
       10.680000
       12.810000
       14.950000
       17.080000
       19.220000
       21.360000
       23.490000
       25.630000
       27.770000
       29.900000
       32.040000
       34.170000
       36.310000
       38.450000
       40.580000
       42.720000
       44.850000
       46.990000
       49.130000
       51.260000
       53.400000
       55.540000
       57.670000
       59.810000
       61.940000
       64.080000
       66.220000
       68.350000
       70.490000
       72.620000
       74.760000
       76.900000
       79.030000
       81.170000
       83.300000
       85.440000
       87.580000
       89.710000
       91.850000
       93.980000
       96.120000
       98.260000
       100.39000
       102.53000
       104.67000
       106.80000
       108.94000
       111.08000
       113.21000
       115.35000
       117.48000
       119.62000
       121.76000
       123.89000
       126.03000
       128.16000
       130.30000
       132.44000
       134.57000
       136.71000
       138.84000
       140.98000
       143.12000
       145.25000
       147.39000
       149.52000
       151.66000
       153.80000
       155.93000
       158.07000
       160.21000
       162.34000
       164.48000
       166.61000
       168.75000
       170.89000
       173.02000
       175.16000
       177.30000
       179.43000
       181.57000
       183.70000
       185.84000
       187.98000
       190.11000
       192.25000
       194.38000
       196.52000
       198.66000
       200.79000
       202.93000
       205.07000
       207.20000
       209.34000
       211.47000
       213.61000
       215.75000
       217.88000
       220.02000
       222.15000
       224.29000
       226.43000
       228.56000
       230.70000
       232.83000
       234.97000
       237.11000
       239.24000
       241.38000
       243.52000
       245.65000
       247.79000
       249.92000
       252.06000
       254.20000
       256.33000
       258.47000
       260.60000
       262.74000
       264.88000

Y-values

      411.033
      420.751
      402.926
      386.773
      401.475
      371.529
      406.756
      424.549
      375.260
      425.272
      441.868
      523.835
      743.900
      741.189
      861.777
      859.320
      799.796
      769.526
      697.764
      765.200
      746.732
      748.883
      784.830
      818.652
      781.628
      778.073
      762.369
      783.184
      739.986
      773.536
      719.530
      762.387
      742.403
      745.422
      792.658
      671.561
      762.199
      734.412
      756.154
      754.108
      737.834
      778.199
      827.614
      751.170
      762.654
      728.816
      742.743
      762.229
      685.156
      777.918
      771.855
      727.430
      759.053
      719.930
      732.699
      768.271
      750.121
      716.529
      745.376
      635.147
      747.196
      765.377
      711.932
      763.814
      666.576
      736.325
      752.810
      687.464
      734.935
      752.096
      733.747
      706.267
      776.580
      619.209
      709.707
      740.404
      695.489
      802.270
      764.335
      683.723
      755.483
      733.974
      726.757
      651.523
      704.954
      751.816
      727.214
      716.977
      798.609
      659.247
      758.090
      752.740
      790.375
      725.764
      702.546
      701.990
      743.533
      706.363
      718.685
      727.496
      679.439
      745.571
      787.889
      734.111
      749.161
      695.758
      737.607
      729.719
      706.076
      732.226
      695.727
      765.088
      752.810
      704.439
      740.203
      742.618
      714.857
      752.879
      653.455
      737.288
      761.714
      706.715
      742.622
      683.637
      700.534
