X-values

      0.00000000
       2.1300001
       4.2600002
       6.3900003
       8.5200005
       10.650001
       12.780001
       14.910001
       17.040001
       19.170001
       21.300001
       23.430001
       25.560001
       27.690001
       29.820002
       31.950002
       34.080002
       36.210002
       38.340002
       40.470002
       42.600002
       44.730002
       46.860003
       48.990003
       51.120003
       53.250003
       55.380003
       57.510003
       59.640003
       61.770003
       63.900003
       66.030004
       68.160004
       70.290004
       72.420004
       74.550004
       76.680004
       78.810004
       80.940004
       83.070004
       85.200005
       87.330005
       89.460005
       91.590005
       93.720005
       95.850005
       97.980005
       100.11001
       102.24001
       104.37001
       106.50001
       108.63001
       110.76001
       112.89001
       115.02001
       117.15001
       119.28001
       121.41001
       123.54001
       125.67001
       127.80001
       129.93001
       132.06001
       134.19001
       136.32001
       138.45001
       140.58001
       142.71001
       144.84001
       146.97001
       149.10001
       151.23001
       153.36001
       155.49001
       157.62001
       159.75001
       161.88001
       164.01001
       166.14001
       168.27001
       170.40001
       172.53001
       174.66001
       176.79001
       178.92001
       181.05001
       183.18001
       185.31001
       187.44001
       189.57001
       191.70001
       193.83001
       195.96001
       198.09001
       200.22001
       202.35001
       204.48001
       206.61001
       208.74001
       210.87001
       213.00001
       215.13001
       217.26001
       219.39001
       221.52001
       223.65001
       225.78001
       227.91001
       230.04001
       232.17001
       234.30001
       236.43001
       238.56001
       240.69001
       242.82001
       244.95001
       247.08001
       249.21001
       251.34001
       253.47001
       255.60001
       257.73001
       259.86001
       261.99001
       264.12001

Y-values

      182.786
      202.962
      171.588
      197.119
      178.045
      156.719
      169.681
      173.536
      171.375
      181.880
      180.683
      185.168
      231.694
      220.566
      277.394
      334.331
      402.897
      410.063
      452.046
      408.796
      465.788
      408.193
      378.940
      412.138
      382.783
      412.375
      373.127
      426.755
      373.139
      423.680
      365.611
      403.841
      374.904
      403.856
      370.464
      387.521
      401.586
      368.113
      409.730
      358.325
      353.522
      320.207
      375.943
      328.458
      377.427
      333.319
      372.614
      329.385
      376.823
      334.236
      378.031
      316.388
      366.377
      328.736
      367.115
      329.537
      367.830
      329.650
      356.495
      317.023
      305.420
      356.679
      337.079
      359.391
      349.064
      444.069
      312.199
      356.238
      334.904
      386.452
      345.465
      356.901
      300.798
      346.023
      316.867
      345.506
      313.482
      319.836
      395.190
      325.444
      356.372
      336.471
      353.783
      314.298
      395.804
      321.569
      353.785
      334.664
      334.979
      299.736
      335.791
      324.602
      300.934
      333.328
      407.768
      332.414
      338.759
      290.053
      343.740
      328.662
      329.263
      333.320
      362.631
      336.826
      360.025
      326.469
      359.407
      291.554
      402.468
      304.894
      364.098
      309.681
      376.006
      325.989
      362.777
      329.967
      391.144
      336.146
      403.227
      319.153
      361.520
      329.636
      371.894
      329.766
      355.560
