X-values

      0.00000000
       2.1300001
       4.2600002
       6.3900003
       8.5200005
       10.650001
       12.780001
       14.910001
       17.040001
       19.170001
       21.300001
       23.430001
       25.560001
       27.690001
       29.820002
       31.950002
       34.080002
       36.210002
       38.340002
       40.470002
       42.600002
       44.730002
       46.860003
       48.990003
       51.120003
       53.250003
       55.380003
       57.510003
       59.640003
       61.770003
       63.900003
       66.030004
       68.160004
       70.290004
       72.420004
       74.550004
       76.680004
       78.810004
       80.940004
       83.070004
       85.200005
       87.330005
       89.460005
       91.590005
       93.720005
       95.850005
       97.980005
       100.11001
       102.24001
       104.37001
       106.50001
       108.63001
       110.76001
       112.89001
       115.02001
       117.15001
       119.28001
       121.41001
       123.54001
       125.67001
       127.80001
       129.93001
       132.06001
       134.19001
       136.32001
       138.45001
       140.58001
       142.71001
       144.84001
       146.97001
       149.10001
       151.23001
       153.36001
       155.49001
       157.62001
       159.75001
       161.88001
       164.01001
       166.14001
       168.27001
       170.40001
       172.53001
       174.66001
       176.79001
       178.92001
       181.05001
       183.18001
       185.31001
       187.44001
       189.57001
       191.70001
       193.83001
       195.96001
       198.09001
       200.22001
       202.35001
       204.48001
       206.61001
       208.74001
       210.87001
       213.00001
       215.13001
       217.26001
       219.39001
       221.52001
       223.65001
       225.78001
       227.91001
       230.04001
       232.17001
       234.30001
       236.43001
       238.56001
       240.69001
       242.82001
       244.95001
       247.08001
       249.21001
       251.34001
       253.47001
       255.60001
       257.73001
       259.86001
       261.99001
       264.12001

Y-values

      198.624
      221.480
      142.956
      228.209
      167.652
      151.829
      212.614
      164.525
      147.279
      210.945
      167.343
      225.976
      180.380
      224.055
      237.381
      320.680
      359.888
      380.336
      449.603
      477.284
      478.697
      470.086
      508.758
      390.335
      402.895
      474.963
      404.730
      405.185
      415.322
      407.244
      403.615
      375.075
      401.144
      377.463
      413.117
      422.877
      412.318
      381.926
      408.987
      413.972
      397.351
      381.152
      397.375
      407.704
      408.122
      422.378
      435.477
      435.364
      420.930
      388.958
      398.244
      424.108
      419.259
      427.726
      443.336
      442.190
      408.097
      449.925
      421.070
      395.057
      449.391
      422.866
      476.682
      451.095
      395.798
      446.920
      403.290
      428.985
      469.642
      444.219
      430.683
      449.164
      461.757
      436.513
      420.317
      380.620
      461.539
      461.655
      467.045
      434.340
      422.637
      459.262
      446.353
      440.394
      441.957
      470.703
      450.122
      470.675
      467.771
      440.510
      551.409
      464.999
      470.112
      494.634
      454.920
      474.809
      468.396
      445.040
      423.624
      373.829
      456.561
      448.900
      434.947
      473.316
      473.366
      459.701
      489.846
      469.938
      496.363
      464.900
      440.325
      428.612
      462.933
      463.061
      407.664
      451.628
      436.026
      407.392
      454.493
      478.760
      451.967
      435.252
      467.150
      453.712
      478.412
