X-values

      0.00000000
       2.1300001
       4.2600002
       6.3900003
       8.5200005
       10.650001
       12.780001
       14.910001
       17.040001
       19.170001
       21.300001
       23.430001
       25.560001
       27.690001
       29.820002
       31.950002
       34.080002
       36.210002
       38.340002
       40.470002
       42.600002
       44.730002
       46.860003
       48.990003
       51.120003
       53.250003
       55.380003
       57.510003
       59.640003
       61.770003
       63.900003
       66.030004
       68.160004
       70.290004
       72.420004
       74.550004
       76.680004
       78.810004
       80.940004
       83.070004
       85.200005
       87.330005
       89.460005
       91.590005
       93.720005
       95.850005
       97.980005
       100.11001
       102.24001
       104.37001
       106.50001
       108.63001
       110.76001
       112.89001
       115.02001
       117.15001
       119.28001
       121.41001
       123.54001
       125.67001
       127.80001
       129.93001
       132.06001
       134.19001
       136.32001
       138.45001
       140.58001
       142.71001
       144.84001
       146.97001
       149.10001
       151.23001
       153.36001
       155.49001
       157.62001
       159.75001
       161.88001
       164.01001
       166.14001
       168.27001
       170.40001
       172.53001
       174.66001
       176.79001
       178.92001
       181.05001
       183.18001
       185.31001
       187.44001
       189.57001
       191.70001
       193.83001
       195.96001
       198.09001
       200.22001
       202.35001
       204.48001
       206.61001
       208.74001
       210.87001
       213.00001
       215.13001
       217.26001
       219.39001
       221.52001
       223.65001
       225.78001
       227.91001
       230.04001
       232.17001
       234.30001
       236.43001
       238.56001
       240.69001
       242.82001
       244.95001
       247.08001
       249.21001
       251.34001
       253.47001
       255.60001
       257.73001
       259.86001
       261.99001
       264.12001

Y-values

      50.8741
      66.3441
      46.8105
      44.2355
      46.9294
      53.3907
      49.5253
      52.6489
      55.3631
      49.1129
      61.2595
      84.2245
      131.870
      160.595
      179.574
      202.411
      181.608
      183.919
      174.922
      168.078
      174.400
      177.027
      173.657
      168.709
      166.319
      162.547
      160.601
      177.742
      153.390
      159.118
      157.099
      154.391
      155.912
      175.298
      153.768
      161.811
      185.851
      143.786
      164.847
      170.647
      180.278
      134.349
      170.217
      179.460
      171.495
      170.098
      134.846
      168.056
      170.190
      168.386
      167.607
      174.432
      166.292
      173.128
      163.736
      176.145
      168.936
      173.034
      173.596
      173.068
      173.345
      174.400
      171.366
      168.267
      172.007
      170.279
      175.117
      170.031
      172.775
      172.190
      144.193
      167.760
      176.529
      172.899
      164.915
      175.852
      167.627
      165.919
      173.877
      155.808
      170.163
      166.268
      176.825
      163.323
      170.372
      182.896
      169.741
      175.398
      181.674
      164.589
      183.640
      161.778
      167.216
      164.469
      171.057
      171.604
      165.002
      174.555
      169.193
      167.297
      164.984
      163.128
      161.961
      172.076
      159.189
      157.083
      161.828
      177.750
      165.891
      158.880
      166.151
      184.515
      159.182
      162.544
      171.370
      166.905
      172.139
      159.220
      158.462
      157.438
      173.524
      176.953
      159.269
      164.047
      164.817
