X-values

      0.00000000
       2.1300001
       4.2600002
       6.3900003
       8.5200005
       10.650001
       12.780001
       14.910001
       17.040001
       19.170001
       21.300001
       23.430001
       25.560001
       27.690001
       29.820002
       31.950002
       34.080002
       36.210002
       38.340002
       40.470002
       42.600002
       44.730002
       46.860003
       48.990003
       51.120003
       53.250003
       55.380003
       57.510003
       59.640003
       61.770003
       63.900003
       66.030004
       68.160004
       70.290004
       72.420004
       74.550004
       76.680004
       78.810004
       80.940004
       83.070004
       85.200005
       87.330005
       89.460005
       91.590005
       93.720005
       95.850005
       97.980005
       100.11001
       102.24001
       104.37001
       106.50001
       108.63001
       110.76001
       112.89001
       115.02001
       117.15001
       119.28001
       121.41001
       123.54001
       125.67001
       127.80001
       129.93001
       132.06001
       134.19001
       136.32001
       138.45001
       140.58001
       142.71001
       144.84001
       146.97001
       149.10001
       151.23001
       153.36001
       155.49001
       157.62001
       159.75001
       161.88001
       164.01001
       166.14001
       168.27001
       170.40001
       172.53001
       174.66001
       176.79001
       178.92001
       181.05001
       183.18001
       185.31001
       187.44001
       189.57001
       191.70001
       193.83001
       195.96001
       198.09001
       200.22001
       202.35001
       204.48001
       206.61001
       208.74001
       210.87001
       213.00001
       215.13001
       217.26001
       219.39001
       221.52001
       223.65001
       225.78001
       227.91001
       230.04001
       232.17001
       234.30001
       236.43001
       238.56001
       240.69001
       242.82001
       244.95001
       247.08001
       249.21001
       251.34001
       253.47001
       255.60001
       257.73001
       259.86001
       261.99001
       264.12001

Y-values

      149.170
      152.933
      109.427
      117.975
      135.455
      137.713
      108.740
      93.8566
      186.941
      96.2566
      246.655
      158.619
      131.977
      180.923
      200.670
      187.046
      264.289
      300.618
      370.440
      313.492
      319.199
      322.468
      323.930
      295.016
      256.099
      264.277
      294.460
      295.433
      285.246
      317.899
      292.692
      302.892
      306.569
      300.297
      308.881
      264.868
      284.138
      311.562
      271.933
      287.946
      271.134
      292.277
      334.115
      282.703
      305.374
      318.848
      311.154
      330.334
      312.489
      341.280
      330.060
      321.012
      339.518
      297.535
      328.617
      326.742
      329.951
      338.910
      290.587
      316.143
      318.991
      453.060
      322.349
      308.901
      332.203
      332.430
      295.145
      363.935
      336.032
      316.508
      397.841
      333.691
      368.152
      281.692
      301.114
      307.995
      400.064
      322.354
      311.599
      347.236
      320.867
      335.092
      342.263
      403.412
      331.080
      390.707
      328.419
      323.974
      333.480
      319.497
      321.184
      378.708
      299.947
      319.262
      314.241
      352.058
      337.365
      339.877
      338.043
      329.146
      344.581
      353.647
      367.207
      336.203
      341.537
      323.713
      394.176
      334.326
      319.883
      308.255
      358.027
      338.001
      271.698
      339.372
      338.726
      355.906
      310.684
      355.532
      326.007
      337.552
      328.386
      325.885
      342.528
      344.901
      340.664
