X-values

      0.00000000
       2.1300000
       4.2700000
       6.4000000
       8.5400000
       10.680000
       12.810000
       14.950000
       17.080000
       19.220000
       21.360000
       23.490000
       25.630000
       27.770000
       29.900000
       32.040000
       34.170000
       36.310000
       38.450000
       40.580000
       42.720000
       44.850000
       46.990000
       49.130000
       51.260000
       53.400000
       55.540000
       57.670000
       59.810000
       61.940000
       64.080000
       66.220000
       68.350000
       70.490000
       72.620000
       74.760000
       76.900000
       79.030000
       81.170000
       83.300000
       85.440000
       87.580000
       89.710000
       91.850000
       93.980000
       96.120000
       98.260000
       100.39000
       102.53000
       104.67000
       106.80000
       108.94000
       111.08000
       113.21000
       115.35000
       117.48000
       119.62000
       121.76000
       123.89000
       126.03000
       128.16000
       130.30000
       132.44000
       134.57000
       136.71000
       138.84000
       140.98000
       143.12000
       145.25000
       147.39000
       149.52000
       151.66000
       153.80000
       155.93000
       158.07000
       160.21000
       162.34000
       164.48000
       166.61000
       168.75000
       170.89000
       173.02000
       175.16000
       177.30000
       179.43000
       181.57000
       183.70000
       185.84000
       187.98000
       190.11000
       192.25000
       194.38000
       196.52000
       198.66000
       200.79000
       202.93000
       205.07000
       207.20000
       209.34000
       211.47000
       213.61000
       215.75000
       217.88000
       220.02000
       222.15000
       224.29000
       226.43000
       228.56000
       230.70000
       232.83000
       234.97000
       237.11000
       239.24000
       241.38000
       243.52000
       245.65000
       247.79000
       249.92000
       252.06000
       254.20000
       256.33000
       258.47000
       260.60000
       262.74000
       264.88000

Y-values

      290.483
      291.118
      271.412
      264.519
      302.214
      263.932
      271.052
      250.360
      299.821
      279.229
      268.399
      288.049
      281.513
      318.473
      259.082
      299.062
      321.718
      438.424
      507.560
      533.234
      540.141
      459.945
      537.315
      446.617
      501.519
      455.027
      462.738
      463.886
      441.457
      484.305
      411.619
      495.910
      419.928
      477.777
      440.343
      501.141
      462.942
      481.509
      496.843
      392.341
      496.034
      420.301
      488.002
      431.203
      484.544
      451.050
      483.202
      453.817
      467.751
      484.410
      438.927
      487.041
      459.757
      492.614
      489.998
      415.102
      497.791
      426.035
      481.631
      438.221
      458.562
      463.706
      460.414
      492.497
      432.197
      502.793
      474.387
      485.903
      487.371
      439.219
      462.666
      476.891
      488.259
      491.925
      444.407
      488.815
      490.729
      479.772
      512.625
      436.276
      509.205
      492.729
      448.939
      492.841
      464.552
      505.129
      496.727
      449.019
      511.590
      483.913
      469.530
      509.900
      419.019
      530.484
      442.338
      488.554
      480.811
      482.248
      512.659
      438.908
      482.575
      440.254
      495.613
      461.796
      473.037
      476.067
      461.387
      499.548
      440.064
      482.133
      466.899
      466.479
      497.720
      438.953
      518.086
      462.990
      511.566
      497.383
      432.745
      499.288
      446.338
      471.854
      488.136
      417.192
      499.676
