X-values

     0.000000
      2.13600
      4.27200
      6.40800
      8.54400
      10.6800
      12.8170
      14.9530
      17.0890
      19.2250
      21.3610
      23.4970
      25.6340
      27.7700
      29.9060
      32.0420
      34.1780
      36.3140
      38.4500
      40.5870
      42.7230
      44.8590
      46.9950
      49.1310
      51.2670
      53.4030
      55.5400
      57.6760
      59.8120
      61.9480
      64.0840
      66.2200
      68.3570
      70.4930
      72.6290
      74.7650
      76.9010
      79.0370
      81.1730
      83.3100
      85.4460
      87.5820
      89.7180
      91.8540
      93.9900
      96.1260
      98.2630
      100.399
      102.535
      104.671
      106.807
      108.943
      111.080
      113.216
      115.352
      117.488
      119.624
      121.760
      123.896
      126.033
      128.169
      130.305
      132.441
      134.577
      136.713
      138.849
      140.986
      143.122
      145.258
      147.394
      149.530
      151.666
      153.803
      155.939
      158.075
      160.211
      162.347
      164.483
      166.619
      168.756
      170.892
      173.028
      175.164
      177.300
      179.436
      181.572
      183.709
      185.845
      187.981
      190.117
      192.253
      194.389
      196.526
      198.662
      200.798
      202.934
      205.070
      207.206
      209.342
      211.479
      213.615
      215.751
      217.887
      220.023
      222.159
      224.295
      226.432
      228.568
      230.704
      232.840
      234.976
      237.112
      239.249
      241.385
      243.521
      245.657
      247.793
      249.929
      252.065
      254.202
      256.338
      258.474
      260.610
      262.746
      264.882

Y-values

 5.74126e+006
 4.93487e+006
 4.95236e+006
 5.06254e+006
 4.77560e+006
 4.95154e+006
 4.73311e+006
 5.22311e+006
 5.02569e+006
 5.16500e+006
 5.66874e+006
 6.90081e+006
 8.38408e+006
 9.31198e+006
 9.39898e+006
 9.38568e+006
 8.70716e+006
 8.58918e+006
 8.73241e+006
 7.78650e+006
 8.07361e+006
 8.00050e+006
 8.12149e+006
 8.15134e+006
 8.00621e+006
 8.39336e+006
 8.10457e+006
 8.11915e+006
 8.48789e+006
 8.05924e+006
 8.28347e+006
 8.19706e+006
 8.30552e+006
 8.28100e+006
 8.57498e+006
 8.05537e+006
 8.30239e+006
 8.67354e+006
 8.22560e+006
 8.31375e+006
 8.37249e+006
 8.23283e+006
 8.46726e+006
 8.55063e+006
 8.32365e+006
 8.53401e+006
 8.91045e+006
 8.39588e+006
 8.62514e+006
 8.63647e+006
 8.48010e+006
 8.60166e+006
 8.64985e+006
 8.49901e+006
 8.71451e+006
 8.46985e+006
 8.76649e+006
 8.70716e+006
 8.66269e+006
 8.96179e+006
 8.56784e+006
 8.77707e+006
 8.50707e+006
 8.82713e+006
 8.44803e+006
 8.73710e+006
 9.02203e+006
 8.62041e+006
 8.82721e+006
 8.46812e+006
 8.86904e+006
 8.70813e+006
 8.75432e+006
 9.34491e+006
 8.50814e+006
 8.89534e+006
 8.43093e+006
 8.84266e+006
 9.14431e+006
 8.67093e+006
 8.80966e+006
 8.53820e+006
 8.77623e+006
 8.89867e+006
 8.76642e+006
 8.80482e+006
 8.55042e+006
 8.91412e+006
 8.75346e+006
 8.92255e+006
 9.01217e+006
 8.74462e+006
 8.95447e+006
 8.67068e+006
 8.95800e+006
 8.64794e+006
 8.74686e+006
 8.95353e+006
 8.61480e+006
 8.56353e+006
 8.93431e+006
 8.59738e+006
 8.76656e+006
 8.59433e+006
 8.84516e+006
 8.53861e+006
 8.45495e+006
 8.72979e+006
 8.95524e+006
 8.39784e+006
 8.76853e+006
 8.40749e+006
 8.71215e+006
 8.42556e+006
 8.64509e+006
 8.76569e+006
 8.36320e+006
 8.82956e+006
 8.45432e+006
 8.67869e+006
 8.74175e+006
 8.73607e+006
 8.48577e+006
 8.79733e+006
 8.71803e+006
